individual	left	right	length	bin
EUR_1	6602745	6693324	90579	12
EUR_1	10306597	10347695	41098	6
EUR_1	10410256	10434431	24175	4
EUR_1	10926913	11122255	195342	25
EUR_1	11360944	11448832	87888	12
EUR_1	14799338	14799442	104	1
EUR_1	17795981	17965967	169986	22
EUR_1	19634530	19653747	19217	3
EUR_1	31458689	31553001	94312	12
EUR_1	32404436	32417734	13298	2
EUR_1	40538208	40541166	2958	1
EUR_1	46286724	46289421	2697	1
EUR_1	47986949	48088186	101237	13
EUR_1	1998883	2045146	46263	6
EUR_1	2662974	2850589	187615	24
EUR_1	3480946	3533432	52486	7
EUR_1	6404273	6444711	40438	6
EUR_1	6602745	6724200	121455	16
EUR_1	10875976	10880965	4989	1
EUR_1	11360944	11448832	87888	12
EUR_1	11603437	11705104	101667	13
EUR_1	13794548	13796948	2400	1
EUR_1	24814107	24852861	38754	5
EUR_1	25002639	25038480	35841	5
EUR_1	25042635	25096390	53755	7
EUR_1	25174124	25217316	43192	6
EUR_1	25324980	25535269	210289	27
EUR_1	25772135	25783655	11520	2
EUR_1	30341238	30350365	9127	2
EUR_1	31969301	31982644	13343	2
EUR_1	32404436	32417734	13298	2
EUR_1	36025195	36063690	38495	5
EUR_1	36520464	36570547	50083	7
EUR_1	41202794	41221991	19197	3
EUR_1	47306832	47323219	16387	3
EUR_1	47981318	47995369	14051	2
EUR_2	3374961	3533432	158471	21
EUR_2	6602745	6644537	41792	6
EUR_2	10587355	10600945	13590	2
EUR_2	10920126	10920372	246	1
EUR_2	11286257	11305525	19268	3
EUR_2	11576374	11581877	5503	1
EUR_2	11630302	11682054	51752	7
EUR_2	11691089	11705104	14015	2
EUR_2	12485443	12493640	8197	2
EUR_2	16620763	16643210	22447	3
EUR_2	17491239	17527378	36139	5
EUR_2	17795981	17862353	66372	9
EUR_2	24925998	25003609	77611	10
EUR_2	25319231	25426466	107235	14
EUR_2	30527970	30531255	3285	1
EUR_2	31379113	31417248	38135	5
EUR_2	32026816	32046391	19575	3
EUR_2	33327285	33404816	77531	10
EUR_2	35872885	36062214	189329	24
EUR_2	36101549	36405919	304370	39
EUR_2	36498078	36506563	8485	2
EUR_2	41018197	41131799	113602	15
EUR_2	45879695	45943076	63381	8
EUR_2	47306832	47346992	40160	6
EUR_2	1173834	1247512	73678	10
EUR_2	2716070	2819887	103817	14
EUR_2	5430664	5442656	11992	2
EUR_2	6602745	6693324	90579	12
EUR_2	13764087	13779122	15035	2
EUR_2	14332120	14370739	38619	5
EUR_2	16017613	16026806	9193	2
EUR_2	20308976	20387073	78097	10
EUR_2	23025500	23039318	13818	2
EUR_2	24773585	25064173	290588	37
EUR_2	25413883	25457748	43865	6
EUR_2	25804541	25812973	8432	2
EUR_2	31618281	31684536	66255	9
EUR_2	32612479	32622255	9776	2
EUR_2	33115326	33138568	23242	3
EUR_2	36251755	36322999	71244	9
EUR_2	36520464	36570547	50083	7
EUR_2	41000258	41199187	198929	26
EUR_2	41896558	41897997	1439	1
EUR_2	45278228	45285743	7515	1
EUR_2	47306832	47401302	94470	12
EUR_2	47939354	47988402	49048	7
EUR_2	48303107	48400149	97042	13
EUR_3	2105113	2106323	1210	1
EUR_3	2586193	2591704	5511	1
EUR_3	6404273	6444711	40438	6
EUR_3	6602745	6724200	121455	16
EUR_3	10600195	10600945	750	1
EUR_3	11360944	11448832	87888	12
EUR_3	11576374	11581877	5503	1
EUR_3	11630302	11705104	74802	10
EUR_3	17880196	17941014	60818	8
EUR_3	19332471	19333614	1143	1
EUR_3	24964913	25109458	144545	19
EUR_3	33387820	33398262	10442	2
EUR_3	36562799	36570547	7748	1
EUR_3	41870025	42003534	133509	17
EUR_3	45879695	45943076	63381	8
EUR_3	46286724	46426354	139630	18
EUR_3	47317924	47398829	80905	11
EUR_3	2072165	2106323	34158	5
EUR_3	2106396	2137032	30636	4
EUR_3	3629717	3635080	5363	1
EUR_3	6823045	6831612	8567	2
EUR_3	11297747	11305525	7778	1
EUR_3	11360944	11448832	87888	12
EUR_3	14716633	14723200	6567	1
EUR_3	21345583	21369344	23761	3
EUR_3	30527970	30531255	3285	1
EUR_3	31779686	32037279	257593	33
EUR_3	32404436	32427441	23005	3
EUR_3	33316144	33385032	68888	9
EUR_3	35997174	36045432	48258	7
EUR_3	36251755	36370813	119058	16
EUR_3	36484847	36506563	21716	3
EUR_3	46363306	46397816	34510	5
EUR_3	47375663	47401302	25639	4
EUR_4	864720	887567	22847	3
EUR_4	2072165	2106323	34158	5
EUR_4	2106396	2137032	30636	4
EUR_4	5463548	5470404	6856	1
EUR_4	10454414	10496133	41719	6
EUR_4	11121107	11122255	1148	1
EUR_4	11225139	11282514	57375	8
EUR_4	11648276	11667319	19043	3
EUR_4	12485443	12493640	8197	2
EUR_4	13126809	13151849	25040	4
EUR_4	13215258	13266111	50853	7
EUR_4	15159254	15371253	211999	27
EUR_4	19608973	19624910	15937	3
EUR_4	25066754	25096390	29636	4
EUR_4	25159047	25217316	58269	8
EUR_4	30341238	30350365	9127	2
EUR_4	31397377	31420442	23065	3
EUR_4	31969301	32177086	207785	27
EUR_4	33316144	33385032	68888	9
EUR_4	36198008	36438481	240473	31
EUR_4	46400309	46422460	22151	3
EUR_4	47317924	47401302	83378	11
EUR_4	47939354	47988402	49048	7
EUR_4	1173834	1247512	73678	10
EUR_4	1930497	1935134	4637	1
EUR_4	2445953	2459423	13470	2
EUR_4	2586193	2591704	5511	1
EUR_4	2845976	2851899	5923	1
EUR_4	6823045	6831612	8567	2
EUR_4	11216018	11300483	84465	11
EUR_4	11630302	11659169	28867	4
EUR_4	13794548	13848449	53901	7
EUR_4	17795981	17965967	169986	22
EUR_4	19529137	19572494	43357	6
EUR_4	24930056	24952712	22656	3
EUR_4	25376111	25395086	18975	3
EUR_4	25513659	25588077	74418	10
EUR_4	31397377	31420442	23065	3
EUR_4	31618281	31684536	66255	9
EUR_4	36252432	36516866	264434	34
EUR_4	41018197	41126897	108700	14
EUR_4	41230434	41293961	63527	9
EUR_4	47939354	48009694	70340	9
EUR_5	2586193	2587997	1804	1
EUR_5	3104088	3104808	720	1
EUR_5	6602745	6724200	121455	16
EUR_5	7553361	7709509	156148	20
EUR_5	7719766	7790051	70285	9
EUR_5	10306597	10459002	152405	20
EUR_5	11216018	11300483	84465	11
EUR_5	13126809	13266111	139302	18
EUR_5	14811750	14835169	23419	3
EUR_5	14995879	15000465	4586	1
EUR_5	16620763	16643210	22447	3
EUR_5	17008231	17049268	41037	6
EUR_5	25063829	25084660	20831	3
EUR_5	25195532	25199710	4178	1
EUR_5	25271432	25408113	136681	18
EUR_5	25560187	25588077	27890	4
EUR_5	30341238	30350365	9127	2
EUR_5	36025195	36139098	113903	15
EUR_5	40538208	40541166	2958	1
EUR_5	41000258	41122696	122438	16
EUR_5	41170307	41265986	95679	13
EUR_5	41284321	41286477	2156	1
EUR_5	46234794	46305737	70943	9
EUR_5	47309597	47314366	4769	1
EUR_5	47359870	47384357	24487	4
EUR_5	1970613	1977804	7191	1
EUR_5	2079943	2092745	12802	2
EUR_5	4027908	4111093	83185	11
EUR_5	11235576	11305525	69949	9
EUR_5	11360944	11401880	40936	6
EUR_5	13126809	13165195	38386	5
EUR_5	13761312	13930944	169632	22
EUR_5	16017613	16026806	9193	2
EUR_5	17795981	17965967	169986	22
EUR_5	25072665	25075933	3268	1
EUR_5	25095346	25106748	11402	2
EUR_5	25319231	25426466	107235	14
EUR_5	31414750	31420442	5692	1
EUR_5	32555637	32557896	2259	1
EUR_5	33198801	33215777	16976	3
EUR_5	36562799	36570547	7748	1
EUR_5	41000258	41024278	24020	4
EUR_5	41202794	41221991	19197	3
EUR_5	47306832	47334656	27824	4
EUR_5	48317426	48338230	20804	3
EUR_6	1930497	2038598	108101	14
EUR_6	2105113	2106323	1210	1
EUR_6	3104088	3104808	720	1
EUR_6	3200939	3295326	94387	12
EUR_6	5430664	5442656	11992	2
EUR_6	6602745	6724200	121455	16
EUR_6	6725945	6730412	4467	1
EUR_6	7671170	7728174	57004	8
EUR_6	10579081	10600945	21864	3
EUR_6	11216018	11305525	89507	12
EUR_6	11360944	11448832	87888	12
EUR_6	12485443	12493640	8197	2
EUR_6	12722250	12727281	5031	1
EUR_6	13779593	13848449	68856	9
EUR_6	17461735	17527378	65643	9
EUR_6	17880841	17983358	102517	13
EUR_6	19634530	19640072	5542	1
EUR_6	23636556	23685874	49318	7
EUR_6	24924971	24992068	67097	9
EUR_6	25563637	25640301	76664	10
EUR_6	31379113	31417248	38135	5
EUR_6	41170307	41185884	15577	2
EUR_6	45262397	45300374	37977	5
EUR_6	47317924	47398829	80905	11
EUR_6	47545020	47598720	53700	7
EUR_6	48317426	48338230	20804	3
EUR_6	1893530	2111905	218375	28
EUR_6	6602745	6693324	90579	12
EUR_6	10600195	10600945	750	1
EUR_6	11237395	11305525	68130	9
EUR_6	11360944	11401880	40936	6
EUR_6	11554510	11705104	150594	20
EUR_6	13779593	13917230	137637	18
EUR_6	15422489	15468482	45993	6
EUR_6	16620763	16643210	22447	3
EUR_6	19332471	19333614	1143	1
EUR_6	25002639	25038480	35841	5
EUR_6	25042635	25096390	53755	7
EUR_6	25174124	25217316	43192	6
EUR_6	25324980	25535269	210289	27
EUR_6	25772135	25783655	11520	2
EUR_6	30527970	30529616	1646	1
EUR_6	31414750	31420442	5692	1
EUR_6	36484847	36506563	21716	3
EUR_6	41018197	41126897	108700	14
EUR_6	41202794	41258211	55417	7
EUR_6	45281764	45291241	9477	2
EUR_7	3397828	3423214	25386	4
EUR_7	3444377	3533432	89055	12
EUR_7	6404273	6444711	40438	6
EUR_7	6602745	6724200	121455	16
EUR_7	10397293	10496133	98840	13
EUR_7	10918022	11122255	204233	26
EUR_7	11216018	11300483	84465	11
EUR_7	19634530	19653747	19217	3
EUR_7	23598533	23685874	87341	12
EUR_7	25371813	25408113	36300	5
EUR_7	30527970	30531255	3285	1
EUR_7	31397377	31429485	32108	5
EUR_7	36251755	36322999	71244	9
EUR_7	36520464	36570547	50083	7
EUR_7	41000258	41199187	198929	26
EUR_7	2097738	2134513	36775	5
EUR_7	2183069	2207970	24901	4
EUR_7	3629717	3635080	5363	1
EUR_7	6721990	6730412	8422	2
EUR_7	10436488	10459002	22514	3
EUR_7	11216018	11305525	89507	12
EUR_7	11360944	11448832	87888	12
EUR_7	13931470	13965545	34075	5
EUR_7	19529137	19572494	43357	6
EUR_7	25002639	25038480	35841	5
EUR_7	25042635	25096390	53755	7
EUR_7	25271432	25303883	32451	5
EUR_7	25449426	25457748	8322	2
EUR_7	25563637	25602105	38468	5
EUR_7	27889466	27920486	31020	4
EUR_7	31345291	31351416	6125	1
EUR_7	31400738	31499618	98880	13
EUR_7	32646010	32653956	7946	1
EUR_7	36004808	36045432	40624	6
EUR_7	40538208	40541166	2958	1
EUR_7	46286724	46289421	2697	1
EUR_7	47306832	47334656	27824	4
EUR_7	48317426	48338230	20804	3
EUR_8	3104088	3104808	720	1
EUR_8	3988003	3992665	4662	1
EUR_8	5430664	5442656	11992	2
EUR_8	10306597	10382930	76333	10
EUR_8	10506272	10515574	9302	2
EUR_8	11112002	11124106	12104	2
EUR_8	11216018	11300483	84465	11
EUR_8	11360944	11376232	15288	2
EUR_8	11382827	11448832	66005	9
EUR_8	14342828	14370739	27911	4
EUR_8	15159254	15187887	28633	4
EUR_8	15349260	15358737	9477	2
EUR_8	17795981	17983358	187377	24
EUR_8	23598533	23685874	87341	12
EUR_8	25348863	25395086	46223	6
EUR_8	25513659	25588077	74418	10
EUR_8	31458689	31553001	94312	12
EUR_8	31969301	31982644	13343	2
EUR_8	41170307	41185884	15577	2
EUR_8	45278228	45291241	13013	2
EUR_8	46234794	46426354	191560	25
EUR_8	864720	887567	22847	3
EUR_8	1930497	2111905	181408	23
EUR_8	2183069	2207970	24901	4
EUR_8	2586193	2591704	5511	1
EUR_8	6721990	6730412	8422	2
EUR_8	7671170	7767372	96202	13
EUR_8	10600195	10600945	750	1
EUR_8	11237395	11305525	68130	9
EUR_8	11360944	11401880	40936	6
EUR_8	11554510	11705104	150594	20
EUR_8	13779593	13917230	137637	18
EUR_8	17047555	17049268	1713	1
EUR_8	25429461	25542673	113212	15
EUR_8	30527970	30531255	3285	1
EUR_8	31379113	31417248	38135	5
EUR_8	31531414	31553001	21587	3
EUR_8	31969301	31982644	13343	2
EUR_8	32303024	32338373	35349	5
EUR_8	32404436	32427441	23005	3
EUR_8	36498078	36506563	8485	2
EUR_8	40596350	40597157	807	1
EUR_8	41000258	41199187	198929	26
EUR_8	48317426	48338230	20804	3
EUR_9	1166368	1310286	143918	19
EUR_9	1662412	1896093	233681	30
EUR_9	1960680	2062085	101405	13
EUR_9	2586193	2591704	5511	1
EUR_9	4048372	4055814	7442	1
EUR_9	6602745	6607910	5165	1
EUR_9	6632925	6705310	72385	10
EUR_9	11112002	11117853	5851	1
EUR_9	11266596	11305525	38929	5
EUR_9	11360944	11448832	87888	12
EUR_9	13126809	13266111	139302	18
EUR_9	15159254	15187887	28633	4
EUR_9	15349260	15371253	21993	3
EUR_9	17795981	17960904	164923	21
EUR_9	25296870	25395086	98216	13
EUR_9	25513659	25588077	74418	10
EUR_9	31397377	31420442	23065	3
EUR_9	31618281	31684536	66255	9
EUR_9	33115326	33138568	23242	3
EUR_9	40589603	40602975	13372	2
EUR_9	41000258	41062323	62065	8
EUR_9	41896558	41897997	1439	1
EUR_9	48317426	48338230	20804	3
EUR_9	1930497	2038598	108101	14
EUR_9	2105113	2106323	1210	1
EUR_9	2586193	2587997	1804	1
EUR_9	3040653	3231239	190586	25
EUR_9	4310596	4327436	16840	3
EUR_9	11231187	11305525	74338	10
EUR_9	11360944	11376232	15288	2
EUR_9	11648276	11667319	19043	3
EUR_9	12485443	12493640	8197	2
EUR_9	13779593	13847038	67445	9
EUR_9	16017613	16026806	9193	2
EUR_9	16635937	16643210	7273	1
EUR_9	19634530	19653747	19217	3
EUR_9	23628581	23672001	43420	6
EUR_9	24930056	24952712	22656	3
EUR_9	29160901	29295582	134681	18
EUR_9	31400738	31404223	3485	1
EUR_9	31871395	31914145	42750	6
EUR_9	32404436	32427441	23005	3
EUR_9	35872885	36062214	189329	24
EUR_9	36101549	36405919	304370	39
EUR_9	36498078	36506563	8485	2
EUR_9	40605745	40610338	4593	1
EUR_9	47306832	47401302	94470	12
EUR_9	47939354	47988402	49048	7
EUR_10	2586193	2591704	5511	1
EUR_10	3104088	3104808	720	1
EUR_10	6602745	6607910	5165	1
EUR_10	6632925	6679305	46380	6
EUR_10	7585432	7622626	37194	5
EUR_10	11216018	11300483	84465	11
EUR_10	11413058	11448832	35774	5
EUR_10	11551550	11573908	22358	3
EUR_10	11599177	11649569	50392	7
EUR_10	13126809	13266111	139302	18
EUR_10	15422489	15468482	45993	6
EUR_10	16620763	16643210	22447	3
EUR_10	17006341	17046677	40336	6
EUR_10	17047990	17049268	1278	1
EUR_10	23598533	23685874	87341	12
EUR_10	25036175	25059948	23773	3
EUR_10	25271432	25303883	32451	5
EUR_10	25449426	25457748	8322	2
EUR_10	29845482	30005156	159674	21
EUR_10	31379113	31417248	38135	5
EUR_10	32404436	32427441	23005	3
EUR_10	35997174	36045432	48258	7
EUR_10	36198454	36438481	240027	31
EUR_10	36534455	36556603	22148	3
EUR_10	41000258	41122696	122438	16
EUR_10	41170307	41265986	95679	13
EUR_10	45262397	45300374	37977	5
EUR_10	46012809	46015996	3187	1
EUR_10	46234794	46426354	191560	25
EUR_10	47375663	47401302	25639	4
EUR_10	2955498	3012872	57374	8
EUR_10	6602745	6607910	5165	1
EUR_10	6632925	6679305	46380	6
EUR_10	10918022	10960271	42249	6
EUR_10	11216018	11305525	89507	12
EUR_10	11360944	11448832	87888	12
EUR_10	16017613	16020167	2554	1
EUR_10	16620763	16643210	22447	3
EUR_10	17464442	17468389	3947	1
EUR_10	17795981	17965967	169986	22
EUR_10	19518241	19572494	54253	7
EUR_10	19634530	19653747	19217	3
EUR_10	25002639	25038480	35841	5
EUR_10	25042635	25096390	53755	7
EUR_10	25271432	25303883	32451	5
EUR_10	25449426	25457748	8322	2
EUR_10	27583322	27622585	39263	5
EUR_10	30527970	30531255	3285	1
EUR_10	32206668	32338373	131705	17
EUR_10	32404436	32427441	23005	3
EUR_10	32530188	32616759	86571	11
EUR_10	36025195	36063690	38495	5
EUR_10	36520464	36570547	50083	7
EUR_10	41202794	41221991	19197	3
EUR_10	47939354	47944895	5541	1
EUR_11	864720	879695	14975	2
EUR_11	1893530	1901169	7639	1
EUR_11	2035623	2183723	148100	19
EUR_11	3168537	3231239	62702	8
EUR_11	3337799	3437224	99425	13
EUR_11	4774414	4786172	11758	2
EUR_11	6602745	6677645	74900	10
EUR_11	10600195	10600945	750	1
EUR_11	11216018	11232841	16823	3
EUR_11	11630302	11705104	74802	10
EUR_11	13761312	13767951	6639	1
EUR_11	17035396	17049268	13872	2
EUR_11	25036175	25059948	23773	3
EUR_11	25326987	25395086	68099	9
EUR_11	25513659	25588077	74418	10
EUR_11	30527970	30531255	3285	1
EUR_11	31397377	31418920	21543	3
EUR_11	40524070	40531689	7619	1
EUR_11	40589603	40719108	129505	17
EUR_11	41896558	41897997	1439	1
EUR_11	41986958	42003534	16576	3
EUR_11	1195199	1247512	52313	7
EUR_11	2183069	2207970	24901	4
EUR_11	3629717	3635080	5363	1
EUR_11	6602745	6607910	5165	1
EUR_11	6632925	6679305	46380	6
EUR_11	7699085	7709509	10424	2
EUR_11	7764827	7908597	143770	19
EUR_11	10918022	10937334	19312	3
EUR_11	11231187	11305525	74338	10
EUR_11	11360944	11376232	15288	2
EUR_11	11411292	11448832	37540	5
EUR_11	11576374	11581877	5503	1
EUR_11	17795981	17983358	187377	24
EUR_11	19332471	19333614	1143	1
EUR_11	24990906	25001325	10419	2
EUR_11	25019110	25159081	139971	18
EUR_11	25312497	25395086	82589	11
EUR_11	25513659	25515534	1875	1
EUR_11	27864112	27920486	56374	8
EUR_11	31397377	31429485	32108	5
EUR_11	33115326	33138568	23242	3
EUR_11	36562799	36570547	7748	1
EUR_11	41000258	41199187	198929	26
EUR_11	41896558	41897997	1439	1
EUR_11	46391591	46422460	30869	4
EUR_11	47943342	47995369	52027	7
EUR_11	49270526	49300839	30313	4
EUR_12	1691256	1698752	7496	1
EUR_12	4105281	4111093	5812	1
EUR_12	6698003	6721164	23161	3
EUR_12	10600195	10600945	750	1
EUR_12	11216018	11305525	89507	12
EUR_12	11576374	11581877	5503	1
EUR_12	11630302	11682054	51752	7
EUR_12	11691089	11705104	14015	2
EUR_12	12485443	12493640	8197	2
EUR_12	14332120	14370739	38619	5
EUR_12	14716633	14723200	6567	1
EUR_12	17020844	17049268	28424	4
EUR_12	17799560	17983358	183798	24
EUR_12	25429461	25542673	113212	15
EUR_12	32404436	32417734	13298	2
EUR_12	33193910	33215777	21867	3
EUR_12	36513377	36534857	21480	3
EUR_12	40589603	40700239	110636	14
EUR_12	41110284	41137159	26875	4
EUR_12	46391591	46404930	13339	2
EUR_12	1691256	1843036	151780	20
EUR_12	1848930	1849107	177	1
EUR_12	2105113	2106323	1210	1
EUR_12	4077261	4111093	33832	5
EUR_12	5463548	5470404	6856	1
EUR_12	5647865	5666767	18902	3
EUR_12	6567114	6600481	33367	5
EUR_12	6632925	6678576	45651	6
EUR_12	10419745	10500263	80518	11
EUR_12	10579081	10600945	21864	3
EUR_12	10918022	10946307	28285	4
EUR_12	11216018	11300483	84465	11
EUR_12	13126809	13266111	139302	18
EUR_12	25045274	25096390	51116	7
EUR_12	25156063	25200643	44580	6
EUR_12	30527970	30531255	3285	1
EUR_12	31397377	31418920	21543	3
EUR_12	31810195	31833429	23234	3
EUR_12	32486086	32580983	94897	12
EUR_12	33331719	33407005	75286	10
EUR_12	41018197	41126897	108700	14
EUR_12	41230434	41293961	63527	9
EUR_12	45278228	45291241	13013	2
EUR_12	47306832	47398829	91997	12
EUR_12	47939354	48009694	70340	9
EUR_13	2035623	2183723	148100	19
EUR_13	2689398	2850589	161191	21
EUR_13	5430664	5442656	11992	2
EUR_13	7671170	7821324	150154	19
EUR_13	11066790	11122255	55465	7
EUR_13	11216018	11305525	89507	12
EUR_13	11360944	11448832	87888	12
EUR_13	12722250	12725608	3358	1
EUR_13	13779991	13830962	50971	7
EUR_13	14355681	14389100	33419	5
EUR_13	14716633	14723200	6567	1
EUR_13	14995879	15000465	4586	1
EUR_13	16981590	17046677	65087	9
EUR_13	17047990	17049268	1278	1
EUR_13	17464442	17527378	62936	8
EUR_13	25002639	25038480	35841	5
EUR_13	25042635	25096390	53755	7
EUR_13	25271432	25303883	32451	5
EUR_13	25449426	25457748	8322	2
EUR_13	27583322	27622585	39263	5
EUR_13	31857402	31878461	21059	3
EUR_13	31903723	31913862	10139	2
EUR_13	32203428	32338373	134945	18
EUR_13	32355519	32361768	6249	1
EUR_13	33142597	33174401	31804	5
EUR_13	40538208	40541166	2958	1
EUR_13	41889952	42003534	113582	15
EUR_13	46361026	46426354	65328	9
EUR_13	47317924	47398829	80905	11
EUR_13	48303107	48400149	97042	13
EUR_13	1164478	1247512	83034	11
EUR_13	2031684	2076710	45026	6
EUR_13	2183069	2207970	24901	4
EUR_13	4105281	4111093	5812	1
EUR_13	6602745	6693324	90579	12
EUR_13	10875976	10880965	4989	1
EUR_13	11219386	11232841	13455	2
EUR_13	11630302	11705104	74802	10
EUR_13	14716633	14723200	6567	1
EUR_13	15277259	15371253	93994	12
EUR_13	17795981	17983358	187377	24
EUR_13	21296343	21369344	73001	10
EUR_13	24917505	25026027	108522	14
EUR_13	25330796	25408113	77317	10
EUR_13	25549037	25588077	39040	5
EUR_13	31336384	31355236	18852	3
EUR_13	31458689	31553001	94312	12
EUR_13	31969301	31982644	13343	2
EUR_13	49184424	49300839	116415	15
EUR_14	872827	887567	14740	2
EUR_14	2097738	2118622	20884	3
EUR_14	2586193	2591704	5511	1
EUR_14	2845976	2905888	59912	8
EUR_14	6602745	6607910	5165	1
EUR_14	6632925	6705310	72385	10
EUR_14	10436488	10459002	22514	3
EUR_14	10600195	10600945	750	1
EUR_14	11216018	11305525	89507	12
EUR_14	11360944	11448832	87888	12
EUR_14	11576374	11581877	5503	1
EUR_14	17802358	17983358	181000	23
EUR_14	19289490	19299322	9832	2
EUR_14	25002639	25038480	35841	5
EUR_14	25042635	25096390	53755	7
EUR_14	25271432	25309570	38138	5
EUR_14	25445356	25446530	1174	1
EUR_14	29275614	29342089	66475	9
EUR_14	36117337	36206135	88798	12
EUR_14	36534455	36556603	22148	3
EUR_14	41000258	41199187	198929	26
EUR_14	45278228	45280914	2686	1
EUR_14	45879695	45912009	32314	5
EUR_14	1173834	1247512	73678	10
EUR_14	1839886	1896093	56207	8
EUR_14	1960680	2049123	88443	12
EUR_14	2586193	2591704	5511	1
EUR_14	3040653	3231239	190586	25
EUR_14	4027908	4093603	65695	9
EUR_14	6528939	6602879	73940	10
EUR_14	6679093	6700305	21212	3
EUR_14	7701860	7713360	11500	2
EUR_14	10306597	10459002	152405	20
EUR_14	10506272	10515574	9302	2
EUR_14	11244643	11303271	58628	8
EUR_14	17795981	17965967	169986	22
EUR_14	19529137	19572494	43357	6
EUR_14	23598533	23621741	23208	3
EUR_14	25045274	25053135	7861	1
EUR_14	31397377	31420442	23065	3
EUR_14	31618281	31684536	66255	9
EUR_14	33387820	33398262	10442	2
EUR_14	36025195	36101741	76546	10
EUR_14	40538208	40541166	2958	1
EUR_14	41170307	41185884	15577	2
EUR_14	41231126	41293961	62835	8
EUR_14	46363306	46426354	63048	8
EUR_15	2035623	2183723	148100	19
EUR_15	2689398	2850589	161191	21
EUR_15	5430664	5442656	11992	2
EUR_15	10454414	10496133	41719	6
EUR_15	11121107	11122255	1148	1
EUR_15	11225139	11282514	57375	8
EUR_15	11648276	11667319	19043	3
EUR_15	12485443	12493640	8197	2
EUR_15	14716633	14723200	6567	1
EUR_15	15349260	15371253	21993	3
EUR_15	17795981	17850131	54150	7
EUR_15	23598533	23685874	87341	12
EUR_15	25036175	25059948	23773	3
EUR_15	25348769	25395086	46317	6
EUR_15	31397377	31420442	23065	3
EUR_15	31618281	31684536	66255	9
EUR_15	36526788	36562850	36062	5
EUR_15	40524070	40536346	12276	2
EUR_15	40639759	40701244	61485	8
EUR_15	41910381	41918830	8449	2
EUR_15	41956063	42003534	47471	6
EUR_15	45278228	45291241	13013	2
EUR_15	47306832	47334656	27824	4
EUR_15	1940661	2038598	97937	13
EUR_15	2955498	3021356	65858	9
EUR_15	3040653	3231239	190586	25
EUR_15	4310596	4327436	16840	3
EUR_15	4774414	4837910	63496	9
EUR_15	7799180	7884755	85575	11
EUR_15	10474021	10500263	26242	4
EUR_15	10579081	10600945	21864	3
EUR_15	11121107	11122255	1148	1
EUR_15	11225139	11282514	57375	8
EUR_15	11680528	11695629	15101	2
EUR_15	13764087	13880624	116537	15
EUR_15	17795981	17983358	187377	24
EUR_15	25045274	25096390	51116	7
EUR_15	25156063	25200643	44580	6
EUR_15	25560187	25588077	27890	4
EUR_15	29174539	29208331	33792	5
EUR_15	29283502	29342089	58587	8
EUR_15	31483207	31553001	69794	9
EUR_15	31779686	31782178	2492	1
EUR_15	31871395	31914145	42750	6
EUR_15	32023457	32046391	22934	3
EUR_15	33316144	33385032	68888	9
EUR_15	36308308	36370813	62505	8
EUR_15	36498078	36506563	8485	2
EUR_15	41170307	41185884	15577	2
EUR_16	1166368	1310286	143918	19
EUR_16	1662412	1830906	168494	22
EUR_16	1930497	2038598	108101	14
EUR_16	2105113	2106323	1210	1
EUR_16	2586193	2591704	5511	1
EUR_16	3125519	3126421	902	1
EUR_16	10306597	10347695	41098	6
EUR_16	10410256	10434431	24175	4
EUR_16	11615741	11705104	89363	12
EUR_16	15367716	15371253	3537	1
EUR_16	17802358	17983358	181000	23
EUR_16	29160901	29230171	69270	9
EUR_16	30527970	30531255	3285	1
EUR_16	31156524	31197280	40756	6
EUR_16	31400738	31499618	98880	13
EUR_16	32404436	32417734	13298	2
EUR_16	35872885	36062214	189329	24
EUR_16	36101549	36405919	304370	39
EUR_16	36498078	36506563	8485	2
EUR_16	40538208	40541166	2958	1
EUR_16	47939354	47988402	49048	7
EUR_16	48303107	48400149	97042	13
EUR_16	2072165	2106323	34158	5
EUR_16	2106396	2171835	65439	9
EUR_16	2267871	2305247	37376	5
EUR_16	2586193	2591704	5511	1
EUR_16	6648459	6677645	29186	4
EUR_16	7744520	7826660	82140	11
EUR_16	10920126	10920372	246	1
EUR_16	11588046	11705104	117058	15
EUR_16	13126809	13266111	139302	18
EUR_16	15159254	15371253	211999	27
EUR_16	19332471	19333614	1143	1
EUR_16	19634530	19653747	19217	3
EUR_16	25036175	25059948	23773	3
EUR_16	25348769	25395086	46317	6
EUR_16	31379113	31417248	38135	5
EUR_16	31969301	31982644	13343	2
EUR_16	32404436	32417734	13298	2
EUR_16	35997174	36045432	48258	7
EUR_16	36252432	36543391	290959	37
EUR_16	40524070	40536346	12276	2
EUR_16	40639759	40701244	61485	8
EUR_16	41171361	41199187	27826	4
EUR_16	47306832	47323219	16387	3
EUR_16	48464351	48468106	3755	1
EUR_17	864720	879695	14975	2
EUR_17	1662412	1896093	233681	30
EUR_17	1960680	2062085	101405	13
EUR_17	6602745	6693324	90579	12
EUR_17	10875976	10880965	4989	1
EUR_17	11219386	11232841	13455	2
EUR_17	11630302	11705104	74802	10
EUR_17	14342828	14370739	27911	4
EUR_17	17795981	17983358	187377	24
EUR_17	19529137	19564534	35397	5
EUR_17	25047367	25093868	46501	6
EUR_17	25324980	25442386	117406	15
EUR_17	31259615	31289686	30071	4
EUR_17	31969301	32016212	46911	6
EUR_17	36036358	36045432	9074	2
EUR_17	36520464	36570547	50083	7
EUR_17	41170307	41185884	15577	2
EUR_17	45278228	45291241	13013	2
EUR_17	47967258	47992903	25645	4
EUR_17	2183069	2207970	24901	4
EUR_17	3629717	3635080	5363	1
EUR_17	4774414	4837910	63496	9
EUR_17	6404273	6444711	40438	6
EUR_17	6602745	6724200	121455	16
EUR_17	11066790	11122255	55465	7
EUR_17	11216018	11305525	89507	12
EUR_17	11360944	11448832	87888	12
EUR_17	13223772	13266111	42339	6
EUR_17	13764087	13940655	176568	23
EUR_17	14716633	14761905	45272	6
EUR_17	15159254	15187887	28633	4
EUR_17	15349260	15371253	21993	3
EUR_17	16620763	16643210	22447	3
EUR_17	17008231	17049268	41037	6
EUR_17	17795981	17822038	26057	4
EUR_17	17948508	17983358	34850	5
EUR_17	24984486	25076490	92004	12
EUR_17	25078149	25217316	139167	18
EUR_17	25324980	25442386	117406	15
EUR_17	27580622	27622585	41963	6
EUR_17	30527970	30531255	3285	1
EUR_17	31571161	31650690	79529	11
EUR_17	33316144	33385032	68888	9
EUR_17	41000258	41024278	24020	4
EUR_17	41896558	41897997	1439	1
EUR_17	48317426	48338230	20804	3
EUR_18	1691256	1819789	128533	17
EUR_18	1837654	1904778	67124	9
EUR_18	2445953	2459423	13470	2
EUR_18	2586193	2591704	5511	1
EUR_18	2845976	2851899	5923	1
EUR_18	6602745	6693324	90579	12
EUR_18	10918022	10959989	41967	6
EUR_18	11360944	11448832	87888	12
EUR_18	11576374	11581877	5503	1
EUR_18	11630302	11705104	74802	10
EUR_18	16017613	16026806	9193	2
EUR_18	16635937	16643210	7273	1
EUR_18	19634530	19653747	19217	3
EUR_18	23598533	23685874	87341	12
EUR_18	25103565	25217316	113751	15
EUR_18	25324980	25465358	140378	18
EUR_18	29845482	30005156	159674	21
EUR_18	31397377	31418920	21543	3
EUR_18	31810195	31833429	23234	3
EUR_18	33115326	33138568	23242	3
EUR_18	35922044	36007338	85294	11
EUR_18	48317426	48338230	20804	3
EUR_18	1930497	1951751	21254	3
EUR_18	2586193	2591704	5511	1
EUR_18	3104088	3104808	720	1
EUR_18	4796348	4837910	41562	6
EUR_18	5612849	5648887	36038	5
EUR_18	7641909	7709509	67600	9
EUR_18	7764827	7902344	137517	18
EUR_18	11066790	11122255	55465	7
EUR_18	11216018	11305525	89507	12
EUR_18	11360944	11448832	87888	12
EUR_18	12722250	12725608	3358	1
EUR_18	13943733	13965781	22048	3
EUR_18	14716633	14761905	45272	6
EUR_18	16017613	16026806	9193	2
EUR_18	19206122	19299322	93200	12
EUR_18	19518241	19572494	54253	7
EUR_18	19634530	19653747	19217	3
EUR_18	23598533	23621741	23208	3
EUR_18	25280264	25446530	166266	21
EUR_18	30341238	30350365	9127	2
EUR_18	31871395	31914145	42750	6
EUR_18	32687373	32691243	3870	1
EUR_18	36198008	36505654	307646	39
EUR_18	40538208	40541166	2958	1
EUR_18	41170307	41185884	15577	2
EUR_18	45278228	45291241	13013	2
EUR_19	1164478	1247512	83034	11
EUR_19	2031684	2064962	33278	5
EUR_19	4105281	4111093	5812	1
EUR_19	4796348	4837910	41562	6
EUR_19	6494181	6567053	72872	10
EUR_19	7699085	7709509	10424	2
EUR_19	7764827	7908597	143770	19
EUR_19	10306597	10403389	96792	13
EUR_19	13761312	13905762	144450	19
EUR_19	14971954	15000465	28511	4
EUR_19	16017613	16026806	9193	2
EUR_19	19529137	19572494	43357	6
EUR_19	31345291	31351416	6125	1
EUR_19	31400738	31499618	98880	13
EUR_19	31981633	31984356	2723	1
EUR_19	35984762	36007338	22576	3
EUR_19	40589603	40599336	9733	2
EUR_19	41862428	42003534	141106	18
EUR_19	46234794	46305737	70943	9
EUR_19	46927089	47022994	95905	13
EUR_19	47354042	47398829	44787	6
EUR_19	1173834	1247512	73678	10
EUR_19	1893530	1901169	7639	1
EUR_19	2035623	2183723	148100	19
EUR_19	2955498	3021356	65858	9
EUR_19	6602745	6644537	41792	6
EUR_19	11231187	11305525	74338	10
EUR_19	11360944	11376232	15288	2
EUR_19	11411292	11448832	37540	5
EUR_19	14342828	14370739	27911	4
EUR_19	17795981	17983358	187377	24
EUR_19	19529137	19572494	43357	6
EUR_19	23636556	23685874	49318	7
EUR_19	25036175	25059948	23773	3
EUR_19	31959352	32117417	158065	20
EUR_19	32131221	32163383	32162	5
EUR_19	33387820	33398262	10442	2
EUR_19	35978019	36030630	52611	7
EUR_19	36498078	36506563	8485	2
EUR_19	41170307	41185884	15577	2
EUR_19	47939354	48009694	70340	9
EUR_19	49184424	49262031	77607	10
EUR_20	1970613	1987907	17294	3
EUR_20	2145504	2203773	58269	8
EUR_20	4027908	4111093	83185	11
EUR_20	6721990	6730412	8422	2
EUR_20	10920126	10920372	246	1
EUR_20	11588046	11705104	117058	15
EUR_20	13246701	13266111	19410	3
EUR_20	14716633	14723200	6567	1
EUR_20	17795981	17983358	187377	24
EUR_20	19634530	19653747	19217	3
EUR_20	31156524	31197280	40756	6
EUR_20	31400738	31435275	34537	5
EUR_20	31458689	31553001	94312	12
EUR_20	31969301	31982644	13343	2
EUR_20	32169554	32361768	192214	25
EUR_20	32571370	32653956	82586	11
EUR_20	41000258	41035598	35340	5
EUR_20	41896558	41897997	1439	1
EUR_20	47939354	47993516	54162	7
EUR_20	49184424	49242283	57859	8
EUR_20	1181898	1247512	65614	9
EUR_20	2031684	2076710	45026	6
EUR_20	2183069	2207970	24901	4
EUR_20	2736684	2850589	113905	15
EUR_20	6602745	6691638	88893	12
EUR_20	7789196	7826660	37464	5
EUR_20	7931322	7937075	5753	1
EUR_20	10306597	10325463	18866	3
EUR_20	11066790	11122255	55465	7
EUR_20	11216018	11305525	89507	12
EUR_20	11360944	11448832	87888	12
EUR_20	24917505	25026027	108522	14
EUR_20	25364212	25408113	43901	6
EUR_20	31458689	31553001	94312	12
EUR_20	32404436	32417734	13298	2
EUR_20	40538208	40541166	2958	1
EUR_20	47306832	47334656	27824	4
EUR_21	2183069	2207970	24901	4
EUR_21	2662974	2850589	187615	24
EUR_21	3629717	3635080	5363	1
EUR_21	4059349	4076524	17175	3
EUR_21	10583877	10600945	17068	3
EUR_21	10920126	10920372	246	1
EUR_21	11630302	11661430	31128	4
EUR_21	14811750	14835169	23419	3
EUR_21	17464442	17527378	62936	8
EUR_21	25002639	25038480	35841	5
EUR_21	25042635	25096390	53755	7
EUR_21	25271432	25303883	32451	5
EUR_21	25449426	25457748	8322	2
EUR_21	25579466	25588077	8611	2
EUR_21	31345291	31351416	6125	1
EUR_21	31400738	31499618	98880	13
EUR_21	32574334	32653956	79622	11
EUR_21	36299913	36347691	47778	7
EUR_21	40573481	40666971	93490	12
EUR_21	41000258	41101715	101457	13
EUR_21	41119295	41156450	37155	5
EUR_21	41202794	41244714	41920	6
EUR_21	41896558	41897997	1439	1
EUR_21	41994539	42003534	8995	2
EUR_21	46116775	46122503	5728	1
EUR_21	46400309	46422460	22151	3
EUR_21	46927089	47022994	95905	13
EUR_21	47306832	47334656	27824	4
EUR_21	1970613	1987907	17294	3
EUR_21	2145504	2203773	58269	8
EUR_21	6178548	6231837	53289	7
EUR_21	6280026	6327028	47002	6
EUR_21	11066790	11073633	6843	1
EUR_21	11216018	11305525	89507	12
EUR_21	11360944	11448832	87888	12
EUR_21	11576374	11581877	5503	1
EUR_21	11630302	11705104	74802	10
EUR_21	12459526	12474378	14852	2
EUR_21	13779593	13848449	68856	9
EUR_21	15422489	15468482	45993	6
EUR_21	24984486	25059948	75462	10
EUR_21	25095560	25217316	121756	16
EUR_21	25324980	25458170	133190	17
EUR_21	30341238	30350365	9127	2
EUR_21	31689000	31699987	10987	2
EUR_21	36562799	36570547	7748	1
EUR_21	40605745	40610338	4593	1
EUR_21	41000258	41131799	131541	17
EUR_21	41896558	41897997	1439	1
EUR_21	47309597	47314366	4769	1
EUR_21	47359870	47402804	42934	6
EUR_22	4105281	4111093	5812	1
EUR_22	4796348	4837910	41562	6
EUR_22	6494181	6567053	72872	10
EUR_22	7699085	7709509	10424	2
EUR_22	7764827	7908597	143770	19
EUR_22	10306597	10403389	96792	13
EUR_22	13761312	13905762	144450	19
EUR_22	14971954	15000465	28511	4
EUR_22	16017613	16026806	9193	2
EUR_22	19529137	19572494	43357	6
EUR_22	29160901	29246395	85494	11
EUR_22	31397377	31420442	23065	3
EUR_22	31907198	31907462	264	1
EUR_22	32026816	32046391	19575	3
EUR_22	32486086	32653956	167870	22
EUR_22	32987286	33095558	108272	14
EUR_22	36004808	36045432	40624	6
EUR_22	36251755	36370813	119058	16
EUR_22	36484847	36506563	21716	3
EUR_22	40524070	40536346	12276	2
EUR_22	40639759	40701244	61485	8
EUR_22	1173834	1247512	73678	10
EUR_22	2716070	2819887	103817	14
EUR_22	5430664	5442656	11992	2
EUR_22	6602745	6693324	90579	12
EUR_22	10929987	10974365	44378	6
EUR_22	13779593	13965781	186188	24
EUR_22	14811750	14835169	23419	3
EUR_22	21296343	21369344	73001	10
EUR_22	23598533	23621741	23208	3
EUR_22	29160901	29269615	108714	14
EUR_22	31397377	31420442	23065	3
EUR_22	31907198	31907462	264	1
EUR_22	32026816	32046391	19575	3
EUR_22	32555637	32557896	2259	1
EUR_22	33387820	33398262	10442	2
EUR_22	36036358	36045432	9074	2
EUR_22	40538208	40541166	2958	1
EUR_22	46927089	47022994	95905	13
EUR_22	47502449	47598720	96271	13
EUR_22	48317426	48338230	20804	3
EUR_23	2586193	2591704	5511	1
EUR_23	3040653	3231239	190586	25
EUR_23	4027908	4053090	25182	4
EUR_23	4199680	4242130	42450	6
EUR_23	6721990	6730412	8422	2
EUR_23	7553361	7709509	156148	20
EUR_23	7719766	7790051	70285	9
EUR_23	11360944	11448832	87888	12
EUR_23	11634629	11705104	70475	9
EUR_23	13779593	13848449	68856	9
EUR_23	16631188	16643210	12022	2
EUR_23	17799560	17983358	183798	24
EUR_23	23674305	23727889	53584	7
EUR_23	24930056	24952712	22656	3
EUR_23	25535104	25562146	27042	4
EUR_23	30527970	30531255	3285	1
EUR_23	36117337	36206135	88798	12
EUR_23	41170307	41185884	15577	2
EUR_23	45262397	45300374	37977	5
EUR_23	46234794	46426354	191560	25
EUR_23	47939354	47995369	56015	8
EUR_23	48317426	48338230	20804	3
EUR_23	2072165	2106323	34158	5
EUR_23	2106396	2171835	65439	9
EUR_23	2267871	2305247	37376	5
EUR_23	2586193	2591704	5511	1
EUR_23	7772784	7826660	53876	7
EUR_23	7931322	7934643	3321	1
EUR_23	10313325	10325463	12138	2
EUR_23	11028018	11089473	61455	8
EUR_23	11360944	11448832	87888	12
EUR_23	12722250	12727281	5031	1
EUR_23	13209473	13266111	56638	8
EUR_23	16017613	16026806	9193	2
EUR_23	17795981	17965967	169986	22
EUR_23	24906972	24995850	88878	12
EUR_23	31689000	31699987	10987	2
EUR_23	32647767	32653956	6189	1
EUR_23	36534455	36556603	22148	3
EUR_23	40562275	40603797	41522	6
EUR_23	40605745	40610338	4593	1
EUR_23	41018197	41102990	84793	11
EUR_23	46286724	46333462	46738	6
EUR_23	47306832	47401302	94470	12
EUR_24	2035623	2183723	148100	19
EUR_24	2962937	3021356	58419	8
EUR_24	4796348	4837910	41562	6
EUR_24	11216018	11300483	84465	11
EUR_24	11413058	11448832	35774	5
EUR_24	11576374	11581877	5503	1
EUR_24	11630302	11661430	31128	4
EUR_24	12433292	12574791	141499	18
EUR_24	14342828	14370739	27911	4
EUR_24	17795981	17983358	187377	24
EUR_24	22780357	22848615	68258	9
EUR_24	23670739	23685874	15135	2
EUR_24	24964913	25109458	144545	19
EUR_24	31959352	32117417	158065	20
EUR_24	32131221	32163383	32162	5
EUR_24	36484847	36506563	21716	3
EUR_24	41170307	41185884	15577	2
EUR_24	46234794	46305737	70943	9
EUR_24	46927089	47022994	95905	13
EUR_24	47354042	47398829	44787	6
EUR_24	864720	887567	22847	3
EUR_24	1893530	1901169	7639	1
EUR_24	2035623	2073997	38374	5
EUR_24	6602745	6693324	90579	12
EUR_24	10506272	10515574	9302	2
EUR_24	11112002	11124106	12104	2
EUR_24	11216018	11300483	84465	11
EUR_24	11630302	11661430	31128	4
EUR_24	13223772	13236473	12701	2
EUR_24	13805314	13848449	43135	6
EUR_24	16877935	16926510	48575	7
EUR_24	19289490	19299322	9832	2
EUR_24	25036175	25059948	23773	3
EUR_24	29283502	29342089	58587	8
EUR_24	31156524	31223787	67263	9
EUR_24	31871395	31914145	42750	6
EUR_24	32486086	32487380	1294	1
EUR_24	32987286	33050163	62877	8
EUR_24	36025195	36138327	113132	15
EUR_24	36415068	36493462	78394	10
EUR_24	40663673	40698609	34936	5
EUR_24	41110284	41139372	29088	4
EUR_24	41164519	41199187	34668	5
EUR_24	41284321	41286477	2156	1
EUR_24	41963213	42003534	40321	6
EUR_24	47939354	48020626	81272	11
EUR_25	4310596	4327436	16840	3
EUR_25	4774414	4837910	63496	9
EUR_25	6178548	6231837	53289	7
EUR_25	6280026	6327028	47002	6
EUR_25	10506272	10515574	9302	2
EUR_25	11112002	11124106	12104	2
EUR_25	11216018	11277910	61892	8
EUR_25	11360944	11448832	87888	12
EUR_25	11608194	11652073	43879	6
EUR_25	12722250	12725608	3358	1
EUR_25	25036175	25059948	23773	3
EUR_25	25326987	25395086	68099	9
EUR_25	25513659	25588077	74418	10
EUR_25	30527970	30531255	3285	1
EUR_25	31259615	31289686	30071	4
EUR_25	31618281	31684536	66255	9
EUR_25	32420876	32427441	6565	1
EUR_25	32530188	32616759	86571	11
EUR_25	36498078	36506563	8485	2
EUR_25	47306832	47401302	94470	12
EUR_25	47939354	47988402	49048	7
EUR_25	2035623	2183723	148100	19
EUR_25	2689398	2850589	161191	21
EUR_25	5430664	5442656	11992	2
EUR_25	7671170	7821324	150154	19
EUR_25	11216018	11300483	84465	11
EUR_25	11413058	11448832	35774	5
EUR_25	11576374	11581877	5503	1
EUR_25	12039587	12078012	38425	5
EUR_25	12485443	12493640	8197	2
EUR_25	19529137	19572494	43357	6
EUR_25	25036175	25059948	23773	3
EUR_25	25326987	25395086	68099	9
EUR_25	25513659	25588077	74418	10
EUR_25	31156524	31197280	40756	6
EUR_25	31306130	31355236	49106	7
EUR_25	31458689	31553001	94312	12
EUR_25	32612479	32622255	9776	2
EUR_25	36251755	36322999	71244	9
EUR_25	41018197	41126897	108700	14
EUR_25	41230434	41293961	63527	9
EUR_25	45262397	45300374	37977	5
EUR_25	45933305	45943076	9771	2
EUR_25	47939354	47988402	49048	7
EUR_26	1933997	2038598	104601	14
EUR_26	6632925	6693324	60399	8
EUR_26	7716657	7937075	220418	28
EUR_26	10306597	10347695	41098	6
EUR_26	10410256	10434431	24175	4
EUR_26	10926913	11122255	195342	25
EUR_26	11360944	11448832	87888	12
EUR_26	14799338	14799442	104	1
EUR_26	17795981	17965967	169986	22
EUR_26	25036175	25059948	23773	3
EUR_26	25156063	25200643	44580	6
EUR_26	31397377	31429485	32108	5
EUR_26	33387820	33398262	10442	2
EUR_26	36562799	36570547	7748	1
EUR_26	40531320	40531689	369	1
EUR_26	40563707	40611721	48014	7
EUR_26	41110284	41139372	29088	4
EUR_26	41164519	41199187	34668	5
EUR_26	41284321	41286477	2156	1
EUR_26	45879695	45943076	63381	8
EUR_26	47939354	48020626	81272	11
EUR_26	1930497	1951751	21254	3
EUR_26	2586193	2591704	5511	1
EUR_26	2976790	3014601	37811	5
EUR_26	3629717	3635080	5363	1
EUR_26	6178548	6231837	53289	7
EUR_26	6280026	6327028	47002	6
EUR_26	10360652	10496133	135481	18
EUR_26	11216018	11242636	26618	4
EUR_26	11522761	11705104	182343	24
EUR_26	12485443	12493640	8197	2
EUR_26	14811750	14835169	23419	3
EUR_26	14995879	15000465	4586	1
EUR_26	16877935	16926510	48575	7
EUR_26	17795981	17983358	187377	24
EUR_26	19206122	19299322	93200	12
EUR_26	19518241	19572494	54253	7
EUR_26	19634530	19653747	19217	3
EUR_26	22780357	22808210	27853	4
EUR_26	23657108	23685874	28766	4
EUR_26	24917505	25000341	82836	11
EUR_26	25063829	25072185	8356	2
EUR_26	25445356	25446530	1174	1
EUR_26	31199864	31223787	23923	4
EUR_26	31618281	31657640	39359	5
EUR_26	33193910	33215777	21867	3
EUR_26	35997174	36045432	48258	7
EUR_26	36252432	36516866	264434	34
EUR_26	41170307	41185884	15577	2
EUR_26	46363306	46426354	63048	8
EUR_26	47939354	47995369	56015	8
EUR_27	1930497	1935134	4637	1
EUR_27	2183069	2207970	24901	4
EUR_27	3374706	3437224	62518	8
EUR_27	6280026	6288163	8137	2
EUR_27	9724941	9770756	45815	6
EUR_27	10506272	10515574	9302	2
EUR_27	10918022	11122255	204233	26
EUR_27	11216018	11300483	84465	11
EUR_27	11556391	11573908	17517	3
EUR_27	11599177	11705104	105927	14
EUR_27	12485443	12493640	8197	2
EUR_27	13812627	13858796	46169	6
EUR_27	14342828	14370739	27911	4
EUR_27	17795981	17965967	169986	22
EUR_27	25019110	25096390	77280	10
EUR_27	25564046	25565639	1593	1
EUR_27	26016673	26086202	69529	9
EUR_27	29160901	29295582	134681	18
EUR_27	31397377	31429485	32108	5
EUR_27	32235566	32299496	63930	9
EUR_27	35983215	36045432	62217	8
EUR_27	36498078	36506563	8485	2
EUR_27	40531320	40531689	369	1
EUR_27	40563707	40611721	48014	7
EUR_27	46116775	46122503	5728	1
EUR_27	46400309	46422460	22151	3
EUR_27	46927089	47021613	94524	12
EUR_27	47939354	47944895	5541	1
EUR_27	2586193	2591704	5511	1
EUR_27	4027908	4111093	83185	11
EUR_27	6591884	6600481	8597	2
EUR_27	6632925	6697931	65006	9
EUR_27	10419745	10500263	80518	11
EUR_27	10579081	10600945	21864	3
EUR_27	11216018	11305525	89507	12
EUR_27	11360944	11448832	87888	12
EUR_27	12485443	12493640	8197	2
EUR_27	12722250	12727281	5031	1
EUR_27	15349260	15371253	21993	3
EUR_27	16017613	16026806	9193	2
EUR_27	16620763	16643210	22447	3
EUR_27	19634530	19636192	1662	1
EUR_27	24925998	25003609	77611	10
EUR_27	25319231	25426466	107235	14
EUR_27	30527970	30531255	3285	1
EUR_27	31689000	31699987	10987	2
EUR_27	32239869	32244978	5109	1
EUR_27	32421222	32533666	112444	15
EUR_27	36498078	36506563	8485	2
EUR_27	40538208	40541166	2958	1
EUR_27	41170307	41185884	15577	2
EUR_27	41231126	41293961	62835	8
EUR_27	41995847	42003534	7687	1
EUR_28	1893530	2049118	155588	20
EUR_28	2183069	2207970	24901	4
EUR_28	2928891	2998774	69883	9
EUR_28	3629717	3635080	5363	1
EUR_28	6602745	6693324	90579	12
EUR_28	10506272	10515574	9302	2
EUR_28	10918022	10960271	42249	6
EUR_28	11216018	11305525	89507	12
EUR_28	11360944	11448832	87888	12
EUR_28	13794548	13848449	53901	7
EUR_28	14826871	14835169	8298	2
EUR_28	19206122	19263382	57260	8
EUR_28	19634530	19653747	19217	3
EUR_28	23598533	23727889	129356	17
EUR_28	24917505	25003609	86104	11
EUR_28	25296870	25395086	98216	13
EUR_28	27864112	27920486	56374	8
EUR_28	31689000	31699987	10987	2
EUR_28	33142597	33174401	31804	5
EUR_28	33316144	33385032	68888	9
EUR_28	35997174	36045432	48258	7
EUR_28	36562799	36570547	7748	1
EUR_28	40538208	40541166	2958	1
EUR_28	41943839	42003534	59695	8
EUR_28	47306832	47428103	121271	16
EUR_28	47939354	47995369	56015	8
EUR_28	1970613	1987907	17294	3
EUR_28	2145504	2203773	58269	8
EUR_28	4836612	4837910	1298	1
EUR_28	5730825	5739172	8347	2
EUR_28	6280026	6288163	8137	2
EUR_28	6404273	6493098	88825	12
EUR_28	6632925	6724200	91275	12
EUR_28	10306597	10325463	18866	3
EUR_28	11216018	11232841	16823	3
EUR_28	11442334	11448832	6498	1
EUR_28	11576374	11581877	5503	1
EUR_28	11630302	11661430	31128	4
EUR_28	14799338	14799442	104	1
EUR_28	15159254	15187887	28633	4
EUR_28	15349260	15371253	21993	3
EUR_28	25045274	25075933	30659	4
EUR_28	25095346	25106748	11402	2
EUR_28	25319231	25426466	107235	14
EUR_28	30341238	30350365	9127	2
EUR_28	31379113	31417248	38135	5
EUR_28	41052157	41092081	39924	6
EUR_28	41896558	41897997	1439	1
EUR_28	45278228	45291241	13013	2
EUR_28	47306832	47428103	121271	16
EUR_28	47939354	47995369	56015	8
EUR_29	1893530	2111905	218375	28
EUR_29	2183069	2207970	24901	4
EUR_29	4836612	4837910	1298	1
EUR_29	6458044	6522708	64664	9
EUR_29	6602745	6693324	90579	12
EUR_29	10920126	10920372	246	1
EUR_29	11216018	11305525	89507	12
EUR_29	11360944	11448832	87888	12
EUR_29	14966249	15000465	34216	5
EUR_29	16981590	17046677	65087	9
EUR_29	17047990	17049268	1278	1
EUR_29	20308976	20366403	57427	8
EUR_29	24814107	24852861	38754	5
EUR_29	25002639	25038480	35841	5
EUR_29	25042635	25096390	53755	7
EUR_29	25174124	25217316	43192	6
EUR_29	25324980	25535269	210289	27
EUR_29	25772135	25783655	11520	2
EUR_29	31871395	31914145	42750	6
EUR_29	32486086	32580983	94897	12
EUR_29	35999847	36045432	45585	6
EUR_29	36207118	36308077	100959	13
EUR_29	41018197	41071130	52933	7
EUR_29	41110284	41139372	29088	4
EUR_29	41164519	41199187	34668	5
EUR_29	45879695	45943076	63381	8
EUR_29	1893530	1901169	7639	1
EUR_29	2105113	2106323	1210	1
EUR_29	2183069	2207970	24901	4
EUR_29	2845976	2851899	5923	1
EUR_29	6823045	6831612	8567	2
EUR_29	11231187	11305525	74338	10
EUR_29	11360944	11376232	15288	2
EUR_29	11648276	11667319	19043	3
EUR_29	12722250	12727281	5031	1
EUR_29	13215258	13257060	41802	6
EUR_29	19558531	19572494	13963	2
EUR_29	31259615	31289686	30071	4
EUR_29	31458689	31553001	94312	12
EUR_29	31969301	31982644	13343	2
EUR_29	33193910	33215777	21867	3
EUR_29	36562799	36570547	7748	1
EUR_29	40531320	40531689	369	1
EUR_29	40563707	40611721	48014	7
EUR_29	41000258	41101715	101457	13
EUR_29	41119295	41156450	37155	5
EUR_29	41202794	41244714	41920	6
EUR_29	45278228	45291241	13013	2
EUR_29	47306832	47398829	91997	12
EUR_30	2064212	2077862	13650	2
EUR_30	5430664	5442656	11992	2
EUR_30	6602745	6679305	76560	10
EUR_30	10506272	10515574	9302	2
EUR_30	10918022	10960271	42249	6
EUR_30	11216018	11305525	89507	12
EUR_30	13161428	13266111	104683	14
EUR_30	13794548	13796948	2400	1
EUR_30	14342828	14370739	27911	4
EUR_30	25063829	25109458	45629	6
EUR_30	25196096	25238029	41933	6
EUR_30	27801587	27920486	118899	16
EUR_30	30341238	30350365	9127	2
EUR_30	31779686	31782178	2492	1
EUR_30	31981633	31984356	2723	1
EUR_30	36251755	36370813	119058	16
EUR_30	36484847	36506563	21716	3
EUR_30	40562275	40631332	69057	9
EUR_30	40655249	40719108	63859	9
EUR_30	47306832	47323219	16387	3
EUR_30	3397828	3423214	25386	4
EUR_30	3444377	3533432	89055	12
EUR_30	6516080	6538844	22764	3
EUR_30	10918022	11122255	204233	26
EUR_30	11266596	11305525	38929	5
EUR_30	11360944	11448832	87888	12
EUR_30	11634629	11705104	70475	9
EUR_30	12722250	12727281	5031	1
EUR_30	13215258	13257060	41802	6
EUR_30	15159254	15371253	211999	27
EUR_30	19608973	19624910	15937	3
EUR_30	22877798	22921455	43657	6
EUR_30	23628581	23672001	43420	6
EUR_30	32404436	32417734	13298	2
EUR_30	35872885	36062214	189329	24
EUR_30	36101549	36405919	304370	39
EUR_30	40562275	40603797	41522	6
EUR_30	40605745	40610338	4593	1
EUR_30	41018197	41102990	84793	11
EUR_30	45278228	45278901	673	1
EUR_30	46363306	46426354	63048	8
EUR_30	47317924	47398829	80905	11
EUR_30	48303107	48395063	91956	12
EUR_31	1930497	2038598	108101	14
EUR_31	2105113	2106323	1210	1
EUR_31	3245951	3271593	25642	4
EUR_31	3450249	3533432	83183	11
EUR_31	10918022	10946307	28285	4
EUR_31	11216018	11300483	84465	11
EUR_31	11360944	11448832	87888	12
EUR_31	16017613	16026806	9193	2
EUR_31	16635937	16643210	7273	1
EUR_31	23598533	23685874	87341	12
EUR_31	25036175	25059948	23773	3
EUR_31	25348769	25395086	46317	6
EUR_31	29988032	30005156	17124	3
EUR_31	30527970	30531255	3285	1
EUR_31	31397377	31429485	32108	5
EUR_31	31871395	31914145	42750	6
EUR_31	32987286	33095558	108272	14
EUR_31	40524070	40531689	7619	1
EUR_31	40589603	40719108	129505	17
EUR_31	41896558	41897997	1439	1
EUR_31	41986958	42003534	16576	3
EUR_31	45924407	45930425	6018	1
EUR_31	46298955	46426354	127399	17
EUR_31	864720	879695	14975	2
EUR_31	1930497	1951751	21254	3
EUR_31	2586193	2591704	5511	1
EUR_31	10918022	10937334	19312	3
EUR_31	11231187	11305525	74338	10
EUR_31	11360944	11376232	15288	2
EUR_31	11411292	11448832	37540	5
EUR_31	11576374	11581877	5503	1
EUR_31	11630302	11659169	28867	4
EUR_31	13761312	13930944	169632	22
EUR_31	21296343	21369344	73001	10
EUR_31	30527970	30531255	3285	1
EUR_31	31881906	31914145	32239	5
EUR_31	32023457	32046391	22934	3
EUR_31	32555637	32557896	2259	1
EUR_31	33142597	33174401	31804	5
EUR_31	35997174	36045432	48258	7
EUR_31	36207118	36308077	100959	13
EUR_31	40605745	40610338	4593	1
EUR_31	41000258	41101715	101457	13
EUR_31	41119295	41156450	37155	5
EUR_31	41202794	41244714	41920	6
EUR_31	47306832	47401302	94470	12
EUR_31	47939354	47988402	49048	7
EUR_32	2031684	2064962	33278	5
EUR_32	2968010	2982769	14759	2
EUR_32	3409882	3431986	22104	3
EUR_32	4310596	4327436	16840	3
EUR_32	5463548	5470404	6856	1
EUR_32	6178548	6231837	53289	7
EUR_32	6280026	6327028	47002	6
EUR_32	6721990	6730412	8422	2
EUR_32	10875976	10880965	4989	1
EUR_32	11360944	11448832	87888	12
EUR_32	11576374	11581877	5503	1
EUR_32	11630302	11685547	55245	7
EUR_32	14342828	14370739	27911	4
EUR_32	15159254	15187887	28633	4
EUR_32	15349260	15371253	21993	3
EUR_32	21296343	21369344	73001	10
EUR_32	30527970	30531255	3285	1
EUR_32	31689000	31699987	10987	2
EUR_32	32647767	32653956	6189	1
EUR_32	36117337	36206135	88798	12
EUR_32	41000258	41199187	198929	26
EUR_32	46103551	46172105	68554	9
EUR_32	864720	879695	14975	2
EUR_32	1662412	1896093	233681	30
EUR_32	1960680	2062085	101405	13
EUR_32	4836612	4837910	1298	1
EUR_32	6458044	6522708	64664	9
EUR_32	6602745	6693324	90579	12
EUR_32	11360944	11448832	87888	12
EUR_32	11608194	11652073	43879	6
EUR_32	12485443	12493640	8197	2
EUR_32	13794548	13848449	53901	7
EUR_32	24656133	24793106	136973	18
EUR_32	29275614	29342089	66475	9
EUR_32	32555637	32557896	2259	1
EUR_32	33142597	33174401	31804	5
EUR_32	36299913	36347691	47778	7
EUR_32	41000258	41199187	198929	26
EUR_32	49184424	49242283	57859	8
EUR_33	1173834	1247512	73678	10
EUR_33	1839886	1896093	56207	8
EUR_33	1960680	2049123	88443	12
EUR_33	2586193	2591704	5511	1
EUR_33	3040653	3231239	190586	25
EUR_33	4027908	4093603	65695	9
EUR_33	6602745	6724200	121455	16
EUR_33	13779593	13856104	76511	10
EUR_33	17795981	17983358	187377	24
EUR_33	23025500	23039318	13818	2
EUR_33	23598533	23685791	87258	12
EUR_33	24967092	24995861	28769	4
EUR_33	25002639	25076490	73851	10
EUR_33	25078149	25217316	139167	18
EUR_33	25291565	25303883	12318	2
EUR_33	25449426	25457748	8322	2
EUR_33	25772135	25783655	11520	2
EUR_33	29283502	29329902	46400	6
EUR_33	30527970	30531255	3285	1
EUR_33	41018197	41126897	108700	14
EUR_33	41230434	41293961	63527	9
EUR_33	47939354	47995369	56015	8
EUR_33	47998265	48009694	11429	2
EUR_33	2105113	2106323	1210	1
EUR_33	2586193	2591704	5511	1
EUR_33	2784832	2982769	197937	25
EUR_33	10306597	10312391	5794	1
EUR_33	11431206	11448832	17626	3
EUR_33	11551550	11705104	153554	20
EUR_33	14966249	15000465	34216	5
EUR_33	25036175	25059948	23773	3
EUR_33	29283502	29342089	58587	8
EUR_33	31156524	31223787	67263	9
EUR_33	31871395	31914145	42750	6
EUR_33	32486086	32487380	1294	1
EUR_33	32987286	33050163	62877	8
EUR_33	36528810	36534857	6047	1
EUR_34	1691256	1725635	34379	5
EUR_34	2072165	2106323	34158	5
EUR_34	2106396	2135510	29114	4
EUR_34	2183069	2207970	24901	4
EUR_34	2586193	2591704	5511	1
EUR_34	3125519	3126421	902	1
EUR_34	5463548	5470404	6856	1
EUR_34	6602745	6607910	5165	1
EUR_34	6632925	6679305	46380	6
EUR_34	10306597	10382930	76333	10
EUR_34	10506272	10515574	9302	2
EUR_34	11112002	11124106	12104	2
EUR_34	11216018	11300483	84465	11
EUR_34	11360944	11376232	15288	2
EUR_34	11382827	11448832	66005	9
EUR_34	29160901	29298334	137433	18
EUR_34	31969301	31982644	13343	2
EUR_34	32646010	32653956	7946	1
EUR_34	35983215	36045432	62217	8
EUR_34	36498078	36506563	8485	2
EUR_34	46391591	46422460	30869	4
EUR_34	47939354	47988402	49048	7
EUR_34	1726971	1821296	94325	12
EUR_34	1975103	2102357	127254	17
EUR_34	2145504	2179616	34112	5
EUR_34	2586193	2591704	5511	1
EUR_34	3040653	3231239	190586	25
EUR_34	4027908	4093603	65695	9
EUR_34	5463548	5470404	6856	1
EUR_34	10506272	10515574	9302	2
EUR_34	11112002	11124106	12104	2
EUR_34	11216018	11277910	61892	8
EUR_34	11360944	11448832	87888	12
EUR_34	11608194	11652073	43879	6
EUR_34	13779593	13848449	68856	9
EUR_34	33069398	33077485	8087	2
EUR_34	40596350	40631332	34982	5
EUR_34	40655249	40682702	27453	4
EUR_34	47939354	48009694	70340	9
EUR_34	49184424	49262031	77607	10
EUR_35	2586193	2591704	5511	1
EUR_35	3988003	4055814	67811	9
EUR_35	6558025	6602879	44854	6
EUR_35	10506272	10515574	9302	2
EUR_35	10875976	10880965	4989	1
EUR_35	11360944	11448832	87888	12
EUR_35	13223772	13266111	42339	6
EUR_35	14811750	14835169	23419	3
EUR_35	14995879	15000465	4586	1
EUR_35	16620763	16643210	22447	3
EUR_35	17795981	17983358	187377	24
EUR_35	25045274	25096390	51116	7
EUR_35	25156063	25200643	44580	6
EUR_35	30341238	30350365	9127	2
EUR_35	31162133	31197280	35147	5
EUR_35	31306130	31355236	49106	7
EUR_35	31458689	31553001	94312	12
EUR_35	31969301	31982644	13343	2
EUR_35	32303024	32338373	35349	5
EUR_35	32404436	32427441	23005	3
EUR_35	36498078	36506563	8485	2
EUR_35	40538208	40541166	2958	1
EUR_35	41000258	41199187	198929	26
EUR_35	41896558	41897997	1439	1
EUR_35	45262397	45300374	37977	5
EUR_35	46234794	46426354	191560	25
EUR_35	47939354	47944895	5541	1
EUR_35	1173834	1247512	73678	10
EUR_35	2183069	2207970	24901	4
EUR_35	2662974	2850589	187615	24
EUR_35	3629717	3635080	5363	1
EUR_35	4059349	4111093	51744	7
EUR_35	4774414	4837910	63496	9
EUR_35	6280026	6288163	8137	2
EUR_35	6404273	6543588	139315	18
EUR_35	6565697	6567053	1356	1
EUR_35	10506272	10515574	9302	2
EUR_35	10918022	10987067	69045	9
EUR_35	11216018	11300483	84465	11
EUR_35	12039587	12078012	38425	5
EUR_35	12485443	12493640	8197	2
EUR_35	13779593	13965781	186188	24
EUR_35	14811750	14835169	23419	3
EUR_35	17464442	17527378	62936	8
EUR_35	19634530	19653747	19217	3
EUR_35	23598533	23621741	23208	3
EUR_35	32647767	32653956	6189	1
EUR_35	35997174	36045432	48258	7
EUR_35	36251755	36370813	119058	16
EUR_35	36484847	36506563	21716	3
EUR_35	40605745	40610338	4593	1
EUR_35	47939354	48020626	81272	11
EUR_36	3374961	3533432	158471	21
EUR_36	10454414	10496133	41719	6
EUR_36	11225330	11305525	80195	11
EUR_36	11360944	11367099	6155	1
EUR_36	11460718	11542349	81631	11
EUR_36	14966249	15000465	34216	5
EUR_36	25019110	25038537	19427	3
EUR_36	25271432	25377284	105852	14
EUR_36	29160901	29342089	181188	23
EUR_36	31259615	31289686	30071	4
EUR_36	31458689	31553001	94312	12
EUR_36	31969301	31982644	13343	2
EUR_36	33142597	33174401	31804	5
EUR_36	33331719	33400707	68988	9
EUR_36	36299913	36347691	47778	7
EUR_36	40562275	40603797	41522	6
EUR_36	40605745	40610338	4593	1
EUR_36	41018197	41057860	39663	6
EUR_36	41110284	41139372	29088	4
EUR_36	41164519	41199187	34668	5
EUR_36	41284321	41286477	2156	1
EUR_36	47306832	47323219	16387	3
EUR_36	47981318	47995369	14051	2
EUR_36	2105113	2106323	1210	1
EUR_36	6602745	6724200	121455	16
EUR_36	10377885	10459002	81117	11
EUR_36	11216018	11305525	89507	12
EUR_36	11360944	11448832	87888	12
EUR_36	11576374	11581877	5503	1
EUR_36	11630302	11685547	55245	7
EUR_36	13764087	13779122	15035	2
EUR_36	14342828	14370739	27911	4
EUR_36	22780357	22848615	68258	9
EUR_36	23687244	23727889	40645	6
EUR_36	25036175	25059948	23773	3
EUR_36	25479844	25482489	2645	1
EUR_36	32987286	33050163	62877	8
EUR_36	36264805	36286481	21676	3
EUR_36	40524070	40536346	12276	2
EUR_36	40639759	40701244	61485	8
EUR_36	41921691	42003534	81843	11
EUR_36	46400309	46422460	22151	3
EUR_36	47317924	47398829	80905	11
EUR_37	1195199	1247512	52313	7
EUR_37	1893530	1901169	7639	1
EUR_37	2035623	2183723	148100	19
EUR_37	2586193	2587997	1804	1
EUR_37	3104088	3104808	720	1
EUR_37	6602745	6677645	74900	10
EUR_37	10306597	10332195	25598	4
EUR_37	11121107	11122255	1148	1
EUR_37	11225139	11282514	57375	8
EUR_37	11360944	11448832	87888	12
EUR_37	11576374	11581877	5503	1
EUR_37	14350456	14361651	11195	2
EUR_37	21296343	21369344	73001	10
EUR_37	23598533	23621741	23208	3
EUR_37	31397377	31420442	23065	3
EUR_37	32169554	32338373	168819	22
EUR_37	35997174	36045432	48258	7
EUR_37	40524070	40531689	7619	1
EUR_37	45278228	45300374	22146	3
EUR_37	46363306	46426354	63048	8
EUR_37	47939354	47995369	56015	8
EUR_37	2072165	2106323	34158	5
EUR_37	2106396	2137032	30636	4
EUR_37	3629717	3635080	5363	1
EUR_37	4774414	4837910	63496	9
EUR_37	6047019	6078538	31519	4
EUR_37	7671170	7826660	155490	20
EUR_37	7931322	7937075	5753	1
EUR_37	12485443	12493640	8197	2
EUR_37	12722250	12727281	5031	1
EUR_37	15159254	15166623	7369	1
EUR_37	16877935	16926510	48575	7
EUR_37	17795981	17983358	187377	24
EUR_37	19798354	19902331	103977	14
EUR_37	23628581	23672001	43420	6
EUR_37	24930056	24952712	22656	3
EUR_37	31857402	31878461	21059	3
EUR_37	31903723	31913862	10139	2
EUR_37	32203428	32338373	134945	18
EUR_37	32355519	32361768	6249	1
EUR_37	40589603	40602975	13372	2
EUR_37	41000258	41085169	84911	11
EUR_37	45281764	45291241	9477	2
EUR_37	47309597	47314366	4769	1
EUR_37	47359870	47384357	24487	4
EUR_37	49270526	49300839	30313	4
EUR_38	2586193	2591704	5511	1
EUR_38	4027908	4111093	83185	11
EUR_38	6591884	6600481	8597	2
EUR_38	6632925	6697931	65006	9
EUR_38	10506272	10515574	9302	2
EUR_38	10918022	10960271	42249	6
EUR_38	11216018	11305525	89507	12
EUR_38	11360944	11448832	87888	12
EUR_38	13931470	13965545	34075	5
EUR_38	19529137	19572494	43357	6
EUR_38	24964913	25109458	144545	19
EUR_38	30527970	30531255	3285	1
EUR_38	31871395	31914145	42750	6
EUR_38	32612479	32622255	9776	2
EUR_38	36484847	36506563	21716	3
EUR_38	41151500	41199187	47687	7
EUR_38	46116775	46122503	5728	1
EUR_38	46400309	46422460	22151	3
EUR_38	46927089	47022994	95905	13
EUR_38	47939354	47988402	49048	7
EUR_38	48303107	48400149	97042	13
EUR_38	1166368	1310286	143918	19
EUR_38	1662412	1896093	233681	30
EUR_38	1960680	2062085	101405	13
EUR_38	2586193	2591704	5511	1
EUR_38	3374518	3458402	83884	11
EUR_38	3988003	4108651	120648	16
EUR_38	10306597	10312391	5794	1
EUR_38	11216018	11300483	84465	11
EUR_38	11431206	11448832	17626	3
EUR_38	11551550	11705104	153554	20
EUR_38	13764087	13940655	176568	23
EUR_38	14826871	14835169	8298	2
EUR_38	15159254	15187887	28633	4
EUR_38	16017613	16024335	6722	1
EUR_38	17845928	17983358	137430	18
EUR_38	19206122	19344620	138498	18
EUR_38	23674305	23727889	53584	7
EUR_38	27801587	27806289	4702	1
EUR_38	27917586	27920486	2900	1
EUR_38	32404436	32417734	13298	2
EUR_38	35872885	36062214	189329	24
EUR_38	36101549	36405919	304370	39
EUR_38	36498078	36506563	8485	2
EUR_38	40589603	40599336	9733	2
EUR_38	41067360	41199187	131827	17
EUR_38	47306832	47334656	27824	4
EUR_38	47939354	47988402	49048	7
EUR_39	4105281	4111093	5812	1
EUR_39	5463548	5470404	6856	1
EUR_39	5730825	5739172	8347	2
EUR_39	6567114	6600481	33367	5
EUR_39	6632925	6697931	65006	9
EUR_39	10454414	10496133	41719	6
EUR_39	11028018	11089473	61455	8
EUR_39	11634629	11705104	70475	9
EUR_39	12722250	12727281	5031	1
EUR_39	13215258	13230517	15259	2
EUR_39	13764087	13940655	176568	23
EUR_39	25036175	25049516	13341	2
EUR_39	25319231	25426466	107235	14
EUR_39	31156524	31197280	40756	6
EUR_39	31306130	31355236	49106	7
EUR_39	31458689	31553001	94312	12
EUR_39	32555637	32557896	2259	1
EUR_39	33142597	33174401	31804	5
EUR_39	33331719	33407005	75286	10
EUR_39	36299913	36347691	47778	7
EUR_39	41018197	41122696	104499	14
EUR_39	41170307	41265986	95679	13
EUR_39	49184424	49300839	116415	15
EUR_39	1970613	1987907	17294	3
EUR_39	2145504	2203773	58269	8
EUR_39	4027908	4111093	83185	11
EUR_39	6602745	6607910	5165	1
EUR_39	6632925	6705310	72385	10
EUR_39	10436488	10459002	22514	3
EUR_39	11608194	11687964	79770	11
EUR_39	13943733	13965781	22048	3
EUR_39	16877935	16926510	48575	7
EUR_39	17880196	17941014	60818	8
EUR_39	19634530	19653747	19217	3
EUR_39	24917505	25000341	82836	11
EUR_39	29160901	29230171	69270	9
EUR_39	31618281	31672588	54307	7
EUR_39	31871395	31914145	42750	6
EUR_39	33142597	33174401	31804	5
EUR_39	40538208	40541166	2958	1
EUR_39	41170307	41185884	15577	2
EUR_39	45278228	45291241	13013	2
EUR_39	46927089	47022994	95905	13
EUR_39	47502449	47598720	96271	13
EUR_39	48317426	48338230	20804	3
EUR_40	2105113	2106323	1210	1
EUR_40	6602745	6724200	121455	16
EUR_40	10429869	10459002	29133	4
EUR_40	11588046	11705104	117058	15
EUR_40	13779593	13965781	186188	24
EUR_40	14811750	14835169	23419	3
EUR_40	17464442	17527378	62936	8
EUR_40	19634530	19653747	19217	3
EUR_40	29283502	29342089	58587	8
EUR_40	31156524	31197280	40756	6
EUR_40	31400738	31499618	98880	13
EUR_40	31689000	31699987	10987	2
EUR_40	36457737	36516866	59129	8
EUR_40	41099327	41126897	27570	4
EUR_40	41230434	41293961	63527	9
EUR_40	41935242	42003534	68292	9
EUR_40	46234794	46426354	191560	25
EUR_40	47986949	48088186	101237	13
EUR_40	1166368	1310286	143918	19
EUR_40	1662412	1896093	233681	30
EUR_40	1960680	2062085	101405	13
EUR_40	2586193	2591704	5511	1
EUR_40	3374518	3458402	83884	11
EUR_40	5463548	5470404	6856	1
EUR_40	6602745	6607910	5165	1
EUR_40	6632925	6679305	46380	6
EUR_40	10306597	10459002	152405	20
EUR_40	13794548	13796948	2400	1
EUR_40	24773585	25076490	302905	39
EUR_40	25078149	25217316	139167	18
EUR_40	25394243	25442386	48143	7
EUR_40	29283502	29342089	58587	8
EUR_40	32612479	32622255	9776	2
EUR_40	33069398	33151065	81667	11
EUR_40	33325193	33358945	33752	5
EUR_40	35872885	36007338	134453	17
EUR_40	36299913	36347691	47778	7
EUR_40	40538208	40541166	2958	1
EUR_40	45879695	45943076	63381	8
EUR_40	46927089	47022994	95905	13
EUR_40	47967258	47992903	25645	4
EUR_41	1691256	1843036	151780	20
EUR_41	2716070	2745265	29195	4
EUR_41	2955498	3021356	65858	9
EUR_41	3040653	3231239	190586	25
EUR_41	4104885	4111093	6208	1
EUR_41	6627187	6640538	13351	2
EUR_41	10506272	10515574	9302	2
EUR_41	11216018	11305525	89507	12
EUR_41	11360944	11448832	87888	12
EUR_41	11551550	11573908	22358	3
EUR_41	11599177	11705104	105927	14
EUR_41	12430041	12574791	144750	19
EUR_41	13943733	13965781	22048	3
EUR_41	14971954	15000465	28511	4
EUR_41	16017613	16026806	9193	2
EUR_41	17008231	17049268	41037	6
EUR_41	23606225	23685874	79649	11
EUR_41	31871395	31914145	42750	6
EUR_41	32092011	32175774	83763	11
EUR_41	33115326	33138568	23242	3
EUR_41	35922044	36007338	85294	11
EUR_41	40538208	40541166	2958	1
EUR_41	41968388	42003534	35146	5
EUR_41	47306832	47334656	27824	4
EUR_41	1173834	1247512	73678	10
EUR_41	2955498	3021356	65858	9
EUR_41	3040653	3231239	190586	25
EUR_41	5730825	5739172	8347	2
EUR_41	6648459	6677645	29186	4
EUR_41	7701860	7713360	11500	2
EUR_41	13779593	13917230	137637	18
EUR_41	14826871	14835169	8298	2
EUR_41	15159254	15187887	28633	4
EUR_41	25002639	25038480	35841	5
EUR_41	25042635	25096390	53755	7
EUR_41	25174124	25217316	43192	6
EUR_41	25564046	25565639	1593	1
EUR_41	26016673	26086202	69529	9
EUR_41	32987286	33050163	62877	8
EUR_41	35997174	36045432	48258	7
EUR_41	36207118	36308077	100959	13
EUR_41	41018197	41096386	78189	10
EUR_41	45278228	45291241	13013	2
EUR_42	1173834	1247512	73678	10
EUR_42	1893530	1901169	7639	1
EUR_42	2035623	2183723	148100	19
EUR_42	2955498	3021356	65858	9
EUR_42	6602745	6644537	41792	6
EUR_42	10454414	10496133	41719	6
EUR_42	11216018	11232841	16823	3
EUR_42	13761312	13930944	169632	22
EUR_42	16017613	16026806	9193	2
EUR_42	17845928	17983358	137430	18
EUR_42	20308976	20333994	25018	4
EUR_42	25036175	25059948	23773	3
EUR_42	31397377	31429485	32108	5
EUR_42	32486086	32645535	159449	21
EUR_42	35983215	36045432	62217	8
EUR_42	36498078	36506563	8485	2
EUR_42	40524070	40531689	7619	1
EUR_42	40589603	40719108	129505	17
EUR_42	48303107	48373011	69904	9
EUR_42	864720	879695	14975	2
EUR_42	2586193	2591704	5511	1
EUR_42	2784832	2982769	197937	25
EUR_42	3405198	3437224	32026	5
EUR_42	9724941	9770756	45815	6
EUR_42	11028018	11089473	61455	8
EUR_42	11411292	11448832	37540	5
EUR_42	11608194	11652073	43879	6
EUR_42	14826871	14835169	8298	2
EUR_42	15367716	15371253	3537	1
EUR_42	23687244	23727889	40645	6
EUR_42	31259615	31289686	30071	4
EUR_42	31458689	31553001	94312	12
EUR_42	31969301	31982644	13343	2
EUR_42	33193910	33215777	21867	3
EUR_42	36036358	36045432	9074	2
EUR_42	36520464	36570547	50083	7
EUR_42	40538208	40541166	2958	1
EUR_42	47309597	47314366	4769	1
EUR_42	47359870	47384357	24487	4
EUR_42	47939354	47995369	56015	8
EUR_43	1970613	1987907	17294	3
EUR_43	2145504	2203773	58269	8
EUR_43	4796348	4837910	41562	6
EUR_43	6602745	6684286	81541	11
EUR_43	7641909	7709509	67600	9
EUR_43	7764827	7881085	116258	15
EUR_43	11112002	11117853	5851	1
EUR_43	12487289	12493640	6351	1
EUR_43	13931470	13965545	34075	5
EUR_43	16017613	16026806	9193	2
EUR_43	17464442	17527378	62936	8
EUR_43	23598533	23727889	129356	17
EUR_43	25002639	25038480	35841	5
EUR_43	25042635	25096390	53755	7
EUR_43	25271432	25303883	32451	5
EUR_43	25449426	25457748	8322	2
EUR_43	25579466	25588077	8611	2
EUR_43	29160901	29342089	181188	23
EUR_43	35872885	36062214	189329	24
EUR_43	36101549	36405919	304370	39
EUR_43	36498078	36506563	8485	2
EUR_43	40639759	40698609	58850	8
EUR_43	45278228	45280914	2686	1
EUR_43	47306832	47401302	94470	12
EUR_43	1164478	1247512	83034	11
EUR_43	2183069	2207970	24901	4
EUR_43	2736684	2850589	113905	15
EUR_43	4027908	4051597	23689	3
EUR_43	6627187	6640538	13351	2
EUR_43	11360944	11448832	87888	12
EUR_43	11608194	11652073	43879	6
EUR_43	13189538	13266111	76573	10
EUR_43	30527970	30531255	3285	1
EUR_43	31814580	31878461	63881	9
EUR_43	32404436	32533666	129230	17
EUR_43	33142597	33174401	31804	5
EUR_43	41896558	41897997	1439	1
EUR_43	41986958	42003534	16576	3
EUR_43	47306832	47401302	94470	12
EUR_43	48303107	48400149	97042	13
EUR_44	2105113	2106323	1210	1
EUR_44	3040653	3231239	190586	25
EUR_44	4027908	4031518	3610	1
EUR_44	7641909	7709509	67600	9
EUR_44	7764827	7902344	137517	18
EUR_44	10306597	10347695	41098	6
EUR_44	10410256	10434431	24175	4
EUR_44	11216018	11300483	84465	11
EUR_44	11532186	11705104	172918	22
EUR_44	12039587	12078012	38425	5
EUR_44	12485443	12493640	8197	2
EUR_44	17020844	17049268	28424	4
EUR_44	17799560	17983358	183798	24
EUR_44	23628581	23672001	43420	6
EUR_44	24773585	25064173	290588	37
EUR_44	25413883	25457748	43865	6
EUR_44	25804541	25812973	8432	2
EUR_44	29275614	29342089	66475	9
EUR_44	31345291	31351416	6125	1
EUR_44	31400738	31499618	98880	13
EUR_44	31969301	31982644	13343	2
EUR_44	36534455	36556603	22148	3
EUR_44	40562275	40603797	41522	6
EUR_44	40605745	40610338	4593	1
EUR_44	41018197	41102990	84793	11
EUR_44	46286724	46333462	46738	6
EUR_44	47306832	47401302	94470	12
EUR_44	2586193	2591704	5511	1
EUR_44	2955498	3021356	65858	9
EUR_44	3040653	3231239	190586	25
EUR_44	6528939	6602879	73940	10
EUR_44	6651546	6724200	72654	10
EUR_44	7641909	7709509	67600	9
EUR_44	7764827	7857368	92541	12
EUR_44	10918022	11122255	204233	26
EUR_44	11360944	11401646	40702	6
EUR_44	13779593	13848449	68856	9
EUR_44	16631188	16643210	12022	2
EUR_44	17799560	17983358	183798	24
EUR_44	23674305	23727889	53584	7
EUR_44	24930056	24952712	22656	3
EUR_44	25535104	25562146	27042	4
EUR_44	30527970	30531255	3285	1
EUR_44	36117337	36206135	88798	12
EUR_44	41170307	41185884	15577	2
EUR_44	45262397	45300374	37977	5
EUR_44	46234794	46426354	191560	25
EUR_44	47939354	47995369	56015	8
EUR_44	48317426	48338230	20804	3
EUR_45	2097738	2183723	85985	11
EUR_45	4027908	4111093	83185	11
EUR_45	6627187	6640538	13351	2
EUR_45	11608194	11687964	79770	11
EUR_45	17795981	17850131	54150	7
EUR_45	23628581	23672001	43420	6
EUR_45	25047367	25093868	46501	6
EUR_45	25324980	25442386	117406	15
EUR_45	31259615	31289686	30071	4
EUR_45	31969301	31982644	13343	2
EUR_45	33142597	33174401	31804	5
EUR_45	33331719	33407005	75286	10
EUR_45	36259458	36322999	63541	9
EUR_45	36484847	36506563	21716	3
EUR_45	45278228	45291241	13013	2
EUR_45	46391591	46422460	30869	4
EUR_45	1124015	1264670	140655	18
EUR_45	1725775	1819789	94014	12
EUR_45	1837654	1904778	67124	9
EUR_45	2662974	2850589	187615	24
EUR_45	2955498	3021356	65858	9
EUR_45	3040653	3231239	190586	25
EUR_45	6602745	6693324	90579	12
EUR_45	10918022	11108285	190263	25
EUR_45	11537060	11705104	168044	22
EUR_45	13764087	13940655	176568	23
EUR_45	17035396	17049268	13872	2
EUR_45	24930056	24952712	22656	3
EUR_45	32404436	32417734	13298	2
EUR_45	35872885	36062214	189329	24
EUR_45	36101549	36405919	304370	39
EUR_45	36498078	36506563	8485	2
EUR_45	41018197	41131799	113602	15
EUR_45	48317426	48338230	20804	3
EUR_46	2183069	2207970	24901	4
EUR_46	3629717	3635080	5363	1
EUR_46	4774414	4837910	63496	9
EUR_46	6047019	6078538	31519	4
EUR_46	6404273	6468317	64044	9
EUR_46	6602745	6620266	17521	3
EUR_46	7671170	7699969	28799	4
EUR_46	11360944	11448832	87888	12
EUR_46	11608194	11652073	43879	6
EUR_46	12039587	12078012	38425	5
EUR_46	13812627	13858796	46169	6
EUR_46	14342828	14370739	27911	4
EUR_46	14799338	14799442	104	1
EUR_46	17937570	17983358	45788	6
EUR_46	19634530	19636192	1662	1
EUR_46	23687244	23727889	40645	6
EUR_46	30341238	30350365	9127	2
EUR_46	31397377	31420442	23065	3
EUR_46	36025195	36284173	258978	33
EUR_46	36498078	36506563	8485	2
EUR_46	45879695	45912009	32314	5
EUR_46	47939354	47995369	56015	8
EUR_46	1691256	1769935	78679	10
EUR_46	2036657	2077862	41205	6
EUR_46	3374518	3533432	158914	21
EUR_46	4027908	4111093	83185	11
EUR_46	10474021	10500263	26242	4
EUR_46	10579081	10600945	21864	3
EUR_46	11121107	11122255	1148	1
EUR_46	11225139	11282514	57375	8
EUR_46	11680528	11695629	15101	2
EUR_46	13764087	13940655	176568	23
EUR_46	15159254	15187887	28633	4
EUR_46	15349260	15371253	21993	3
EUR_46	16975007	17046677	71670	10
EUR_46	17880196	17941014	60818	8
EUR_46	17952625	17983358	30733	4
EUR_46	22780357	22852913	72556	10
EUR_46	25310103	25408113	98010	13
EUR_46	25560187	25588077	27890	4
EUR_46	30341238	30350365	9127	2
EUR_46	31397377	31420442	23065	3
EUR_46	36025195	36284173	258978	33
EUR_46	36498078	36506563	8485	2
EUR_46	40538208	40541166	2958	1
EUR_46	41170307	41185884	15577	2
EUR_46	41896558	41897997	1439	1
EUR_46	47306832	47401302	94470	12
EUR_46	47939354	47988402	49048	7
EUR_47	2035623	2183723	148100	19
EUR_47	2689398	2850589	161191	21
EUR_47	3430244	3533432	103188	14
EUR_47	4774414	4786172	11758	2
EUR_47	11360944	11448832	87888	12
EUR_47	11608194	11652073	43879	6
EUR_47	13779593	13848449	68856	9
EUR_47	16620763	16643210	22447	3
EUR_47	19206122	19418900	212778	27
EUR_47	22780357	22852913	72556	10
EUR_47	31571161	31664255	93094	12
EUR_47	36251755	36322999	71244	9
EUR_47	41000258	41024278	24020	4
EUR_47	45262397	45300374	37977	5
EUR_47	47306832	47401302	94470	12
EUR_47	47408955	47449675	40720	6
EUR_47	49264308	49292119	27811	4
EUR_47	864720	879695	14975	2
EUR_47	1930497	1951751	21254	3
EUR_47	2586193	2591704	5511	1
EUR_47	3629717	3635080	5363	1
EUR_47	5730825	5739172	8347	2
EUR_47	6532507	6543588	11081	2
EUR_47	6565697	6567053	1356	1
EUR_47	11216018	11305525	89507	12
EUR_47	14716633	14723200	6567	1
EUR_47	17795981	17983358	187377	24
EUR_47	19529137	19572494	43357	6
EUR_47	23598533	23685791	87258	12
EUR_47	29260860	29267241	6381	1
EUR_47	31794636	31858915	64279	9
EUR_47	35997174	36045432	48258	7
EUR_47	36252432	36541055	288623	37
EUR_47	41000258	41199187	198929	26
EUR_47	47306832	47398829	91997	12
EUR_48	864720	887567	22847	3
EUR_48	1930497	1935134	4637	1
EUR_48	2183069	2190626	7557	1
EUR_48	2586193	2591704	5511	1
EUR_48	6721990	6730412	8422	2
EUR_48	10306597	10382930	76333	10
EUR_48	10506272	10515574	9302	2
EUR_48	11112002	11124106	12104	2
EUR_48	11216018	11300483	84465	11
EUR_48	11360944	11376232	15288	2
EUR_48	11382827	11448832	66005	9
EUR_48	23636556	23685874	49318	7
EUR_48	25036175	25059948	23773	3
EUR_48	25326987	25395086	68099	9
EUR_48	25513659	25588077	74418	10
EUR_48	27864112	27920486	56374	8
EUR_48	31779686	31877596	97910	13
EUR_48	32169554	32338373	168819	22
EUR_48	36291081	36299304	8223	2
EUR_48	36415068	36493462	78394	10
EUR_48	36534455	36556603	22148	3
EUR_48	6602745	6724200	121455	16
EUR_48	10306597	10312391	5794	1
EUR_48	11216018	11300483	84465	11
EUR_48	11431206	11448832	17626	3
EUR_48	11551550	11705104	153554	20
EUR_48	13764087	13940655	176568	23
EUR_48	15349260	15371253	21993	3
EUR_48	17464442	17527378	62936	8
EUR_48	19798354	19902331	103977	14
EUR_48	25002639	25038480	35841	5
EUR_48	25042635	25096390	53755	7
EUR_48	25174124	25217316	43192	6
EUR_48	25564046	25565639	1593	1
EUR_48	26016673	26086202	69529	9
EUR_48	30341238	30350365	9127	2
EUR_48	31162133	31197280	35147	5
EUR_48	31306130	31355236	49106	7
EUR_48	31458689	31553001	94312	12
EUR_48	31969301	31982644	13343	2
EUR_48	36484847	36506563	21716	3
EUR_48	41018197	41024278	6081	1
EUR_49	1930497	1951751	21254	3
EUR_49	2586193	2591704	5511	1
EUR_49	4836612	4837910	1298	1
EUR_49	6648459	6677645	29186	4
EUR_49	10377885	10459002	81117	11
EUR_49	11216018	11305525	89507	12
EUR_49	13779593	13965781	186188	24
EUR_49	17795981	17983358	187377	24
EUR_49	19634530	19653747	19217	3
EUR_49	31397377	31429485	32108	5
EUR_49	31504989	31553001	48012	7
EUR_49	31969301	31982644	13343	2
EUR_49	36207118	36308077	100959	13
EUR_49	41000258	41199187	198929	26
EUR_49	47306832	47401302	94470	12
EUR_49	2662974	2850589	187615	24
EUR_49	6280026	6327028	47002	6
EUR_49	13812627	13858796	46169	6
EUR_49	14342828	14370739	27911	4
EUR_49	14799338	14799442	104	1
EUR_49	15422489	15468482	45993	6
EUR_49	16620763	16643210	22447	3
EUR_49	19206122	19418900	212778	27
EUR_49	22780357	22852913	72556	10
EUR_49	31857402	31878461	21059	3
EUR_49	31903723	31913862	10139	2
EUR_49	32203428	32338373	134945	18
EUR_49	32404436	32427441	23005	3
EUR_49	36207118	36308077	100959	13
EUR_49	47939354	48009694	70340	9
EUR_50	1902299	1904778	2479	1
EUR_50	4076018	4111093	35075	5
EUR_50	6602745	6607910	5165	1
EUR_50	6632925	6679305	46380	6
EUR_50	7854066	7857368	3302	1
EUR_50	10306597	10459002	152405	20
EUR_50	10918022	10959989	41967	6
EUR_50	11231187	11305525	74338	10
EUR_50	11360944	11376232	15288	2
EUR_50	11382827	11448832	66005	9
EUR_50	12485443	12493640	8197	2
EUR_50	17461735	17527378	65643	9
EUR_50	23598533	23685874	87341	12
EUR_50	25271432	25303883	32451	5
EUR_50	25449426	25457748	8322	2
EUR_50	31397377	31420442	23065	3
EUR_50	31981633	31984356	2723	1
EUR_50	32203428	32338373	134945	18
EUR_50	32404436	32427441	23005	3
EUR_50	33387820	33398262	10442	2
EUR_50	35986224	36054340	68116	9
EUR_50	36174936	36206135	31199	4
EUR_50	36422253	36439834	17581	3
EUR_50	36498078	36506563	8485	2
EUR_50	41018197	41126897	108700	14
EUR_50	41202794	41258211	55417	7
EUR_50	47306832	47401302	94470	12
EUR_50	864720	879695	14975	2
EUR_50	1290836	1310286	19450	3
EUR_50	1662412	1753342	90930	12
EUR_50	1930497	1951751	21254	3
EUR_50	2105113	2106323	1210	1
EUR_50	2586193	2591704	5511	1
EUR_50	6602745	6724200	121455	16
EUR_50	10506272	10515574	9302	2
EUR_50	10918022	10960271	42249	6
EUR_50	11216018	11305525	89507	12
EUR_50	11360944	11448832	87888	12
EUR_50	14826871	14835169	8298	2
EUR_50	17008231	17049268	41037	6
EUR_50	17880196	17941014	60818	8
EUR_50	17952625	17983358	30733	4
EUR_50	19529137	19572494	43357	6
EUR_50	21296343	21369344	73001	10
EUR_50	24917505	24965893	48388	7
EUR_50	25036175	25054670	18495	3
EUR_50	25364212	25408113	43901	6
EUR_50	31345291	31351416	6125	1
EUR_50	31400738	31499618	98880	13
EUR_50	31689000	31699987	10987	2
EUR_50	32355519	32361768	6249	1
EUR_50	33142597	33174401	31804	5
EUR_50	36351359	36399358	47999	7
EUR_50	40531320	40531689	369	1
EUR_50	40563707	40611721	48014	7
EUR_50	41170307	41185884	15577	2
EUR_50	45879695	45912009	32314	5
EUR_51	2183069	2207970	24901	4
EUR_51	3629717	3635080	5363	1
EUR_51	4774414	4837910	63496	9
EUR_51	6047019	6078538	31519	4
EUR_51	6404273	6468317	64044	9
EUR_51	6602745	6620266	17521	3
EUR_51	7671170	7699969	28799	4
EUR_51	11360944	11448832	87888	12
EUR_51	11608194	11652073	43879	6
EUR_51	12039587	12078012	38425	5
EUR_51	13812627	13858796	46169	6
EUR_51	14342828	14370739	27911	4
EUR_51	14799338	14799442	104	1
EUR_51	17937570	17983358	45788	6
EUR_51	19634530	19636192	1662	1
EUR_51	23687244	23727889	40645	6
EUR_51	31794636	31858915	64279	9
EUR_51	36351359	36399358	47999	7
EUR_51	40538208	40541166	2958	1
EUR_51	41170307	41185884	15577	2
EUR_51	41231126	41293961	62835	8
EUR_51	2027642	2038598	10956	2
EUR_51	2183069	2207970	24901	4
EUR_51	2716070	2757931	41861	6
EUR_51	2968010	2982769	14759	2
EUR_51	6280026	6327028	47002	6
EUR_51	10306597	10347518	40921	6
EUR_51	10410256	10431856	21600	3
EUR_51	10506272	10515574	9302	2
EUR_51	11260121	11300483	40362	6
EUR_51	11460718	11542349	81631	11
EUR_51	13161428	13266111	104683	14
EUR_51	13946166	13965545	19379	3
EUR_51	16017613	16026806	9193	2
EUR_51	16981590	17046677	65087	9
EUR_51	17047990	17049268	1278	1
EUR_51	24917505	25026027	108522	14
EUR_51	25563637	25611484	47847	7
EUR_51	25635258	25640416	5158	1
EUR_51	31156524	31197280	40756	6
EUR_51	31306130	31355236	49106	7
EUR_51	31458689	31553001	94312	12
EUR_51	31969301	31982644	13343	2
EUR_51	32555637	32557896	2259	1
EUR_51	36025195	36138327	113132	15
EUR_51	40524070	40532819	8749	2
EUR_51	40663673	40698609	34936	5
EUR_51	41018197	41126897	108700	14
EUR_51	41202794	41258211	55417	7
EUR_51	45278228	45291241	13013	2
EUR_51	48317426	48338230	20804	3
EUR_52	1124015	1310286	186271	24
EUR_52	2031684	2076710	45026	6
EUR_52	2183069	2207970	24901	4
EUR_52	2736684	2850589	113905	15
EUR_52	4076018	4111093	35075	5
EUR_52	10954302	11122255	167953	22
EUR_52	11216018	11300483	84465	11
EUR_52	11554510	11644893	90383	12
EUR_52	12722250	12727281	5031	1
EUR_52	13215258	13257060	41802	6
EUR_52	23598533	23621741	23208	3
EUR_52	24908271	24952712	44441	6
EUR_52	25772135	25783655	11520	2
EUR_52	29160901	29243466	82565	11
EUR_52	30341238	30350365	9127	2
EUR_52	32612479	32622255	9776	2
EUR_52	48317426	48338230	20804	3
EUR_52	1892255	1904778	12523	2
EUR_52	2445953	2459423	13470	2
EUR_52	2586193	2591704	5511	1
EUR_52	2845976	2851899	5923	1
EUR_52	10436488	10459002	22514	3
EUR_52	11648276	11667319	19043	3
EUR_52	12485443	12493640	8197	2
EUR_52	14811750	14835169	23419	3
EUR_52	14995879	15000465	4586	1
EUR_52	15159254	15187887	28633	4
EUR_52	15349260	15371253	21993	3
EUR_52	19634530	19652582	18052	3
EUR_52	31379113	31417248	38135	5
EUR_52	32404436	32427441	23005	3
EUR_52	36198008	36457905	259897	33
EUR_52	36520464	36570547	50083	7
EUR_52	41932498	42003534	71036	9
EUR_52	45278228	45291241	13013	2
EUR_52	47306832	47334656	27824	4
EUR_53	864720	887567	22847	3
EUR_53	1124015	1310286	186271	24
EUR_53	1930497	2038598	108101	14
EUR_53	2105113	2106323	1210	1
EUR_53	3245951	3271593	25642	4
EUR_53	4027908	4065912	38004	5
EUR_53	6602745	6724200	121455	16
EUR_53	11216018	11300483	84465	11
EUR_53	13209473	13266111	56638	8
EUR_53	13779593	13965781	186188	24
EUR_53	31857402	31878461	21059	3
EUR_53	31903723	31907765	4042	1
EUR_53	31981633	31984356	2723	1
EUR_53	32653623	32653956	333	1
EUR_53	32987286	33042502	55216	7
EUR_53	35997174	36045432	48258	7
EUR_53	36252432	36488394	235962	30
EUR_53	36498078	36506563	8485	2
EUR_53	40605745	40610338	4593	1
EUR_53	41000258	41199187	198929	26
EUR_53	46398210	46405121	6911	1
EUR_53	49184424	49242283	57859	8
EUR_53	1691256	1819789	128533	17
EUR_53	1837654	1904778	67124	9
EUR_53	2662974	2765718	102744	13
EUR_53	2924201	2982769	58568	8
EUR_53	3374518	3458402	83884	11
EUR_53	6178548	6231837	53289	7
EUR_53	6280026	6327028	47002	6
EUR_53	9724941	9777546	52605	7
EUR_53	10918022	10946307	28285	4
EUR_53	11216018	11300483	84465	11
EUR_53	11440940	11448832	7892	1
EUR_53	11551550	11573908	22358	3
EUR_53	11599177	11705104	105927	14
EUR_53	16877935	16926510	48575	7
EUR_53	19206122	19299322	93200	12
EUR_53	23687244	23727889	40645	6
EUR_53	24964913	25109458	144545	19
EUR_53	25324980	25462067	137087	18
EUR_53	31397377	31420442	23065	3
EUR_53	31618281	31684536	66255	9
EUR_53	36299913	36347691	47778	7
EUR_53	45278228	45291241	13013	2
EUR_53	46234794	46426354	191560	25
EUR_54	864720	879695	14975	2
EUR_54	2032189	2062085	29896	4
EUR_54	2586193	2587997	1804	1
EUR_54	3104088	3104808	720	1
EUR_54	6280026	6288163	8137	2
EUR_54	6404273	6418726	14453	2
EUR_54	14966249	15000465	34216	5
EUR_54	19529137	19572494	43357	6
EUR_54	30527970	30531255	3285	1
EUR_54	31345291	31351416	6125	1
EUR_54	31400738	31499618	98880	13
EUR_54	32612479	32622255	9776	2
EUR_54	33371216	33407005	35789	5
EUR_54	45879695	45943076	63381	8
EUR_54	47306832	47449675	142843	19
EUR_54	1164478	1247512	83034	11
EUR_54	2031684	2066091	34407	5
EUR_54	4105281	4111093	5812	1
EUR_54	6178548	6231837	53289	7
EUR_54	6280026	6327028	47002	6
EUR_54	6602745	6607910	5165	1
EUR_54	6632925	6679305	46380	6
EUR_54	10306597	10382930	76333	10
EUR_54	10506272	10515574	9302	2
EUR_54	11216018	11305525	89507	12
EUR_54	11360944	11448832	87888	12
EUR_54	11576374	11581877	5503	1
EUR_54	17802358	17983358	181000	23
EUR_54	19289490	19299322	9832	2
EUR_54	22877798	22921455	43657	6
EUR_54	23628581	23672001	43420	6
EUR_54	25063829	25084660	20831	3
EUR_54	25195532	25199710	4178	1
EUR_54	25271432	25408113	136681	18
EUR_54	25560187	25588077	27890	4
EUR_54	31259615	31289686	30071	4
EUR_54	31618281	31684536	66255	9
EUR_54	32420876	32427441	6565	1
EUR_54	32530188	32616759	86571	11
EUR_54	36498078	36506563	8485	2
EUR_54	40524070	40531689	7619	1
EUR_54	40589603	40719108	129505	17
EUR_54	41896558	41897997	1439	1
EUR_54	41986958	42003534	16576	3
EUR_54	47306832	47323219	16387	3
EUR_55	1181898	1247512	65614	9
EUR_55	2031684	2076710	45026	6
EUR_55	2183069	2207970	24901	4
EUR_55	2736684	2850589	113905	15
EUR_55	6721990	6730412	8422	2
EUR_55	11431206	11448832	17626	3
EUR_55	11551550	11573908	22358	3
EUR_55	13126809	13266111	139302	18
EUR_55	17795981	17838006	42025	6
EUR_55	19634530	19653747	19217	3
EUR_55	25063829	25109458	45629	6
EUR_55	25196096	25238029	41933	6
EUR_55	29160901	29295582	134681	18
EUR_55	30527970	30531255	3285	1
EUR_55	31199864	31223787	23923	4
EUR_55	31618281	31657640	39359	5
EUR_55	33193910	33215777	21867	3
EUR_55	36264805	36286481	21676	3
EUR_55	40538208	40541166	2958	1
EUR_55	41170307	41185884	15577	2
EUR_55	41231126	41293961	62835	8
EUR_55	45262397	45300374	37977	5
EUR_55	1970613	1987907	17294	3
EUR_55	2183069	2207970	24901	4
EUR_55	2586193	2591704	5511	1
EUR_55	3104088	3104808	720	1
EUR_55	4774414	4786172	11758	2
EUR_55	6721990	6730412	8422	2
EUR_55	10506272	10515574	9302	2
EUR_55	11431206	11448832	17626	3
EUR_55	11551550	11637999	86449	11
EUR_55	13779593	13848449	68856	9
EUR_55	16017613	16026806	9193	2
EUR_55	16984339	17046677	62338	8
EUR_55	17810811	17969814	159003	21
EUR_55	23606225	23685874	79649	11
EUR_55	25002639	25016440	13801	2
EUR_55	32404436	32417734	13298	2
EUR_55	35872885	36062214	189329	24
EUR_55	36101549	36405919	304370	39
EUR_55	36498078	36506563	8485	2
EUR_55	41018197	41131799	113602	15
EUR_55	45879695	45943076	63381	8
EUR_55	47306832	47346992	40160	6
EUR_56	1662412	1896093	233681	30
EUR_56	1960680	2062085	101405	13
EUR_56	2716070	2850589	134519	17
EUR_56	3006256	3021356	15100	2
EUR_56	3040653	3231239	190586	25
EUR_56	6602745	6724200	121455	16
EUR_56	10600195	10600945	750	1
EUR_56	11216018	11305525	89507	12
EUR_56	11360944	11448832	87888	12
EUR_56	11576374	11581877	5503	1
EUR_56	11608194	11652073	43879	6
EUR_56	24924971	24994009	69038	9
EUR_56	29160901	29295582	134681	18
EUR_56	31959352	32117417	158065	20
EUR_56	32131221	32163383	32162	5
EUR_56	35997174	36045432	48258	7
EUR_56	36562799	36570547	7748	1
EUR_56	40538208	40541166	2958	1
EUR_56	41018197	41126897	108700	14
EUR_56	41230434	41235337	4903	1
EUR_56	47306832	47401302	94470	12
EUR_56	47939354	47988402	49048	7
EUR_56	48303107	48400149	97042	13
EUR_56	864720	887567	22847	3
EUR_56	1930497	1935134	4637	1
EUR_56	2183069	2207970	24901	4
EUR_56	3374706	3437224	62518	8
EUR_56	5430664	5442656	11992	2
EUR_56	6558025	6602879	44854	6
EUR_56	11216018	11300483	84465	11
EUR_56	11431206	11448832	17626	3
EUR_56	11551550	11705104	153554	20
EUR_56	13931470	13965545	34075	5
EUR_56	31177573	31223787	46214	6
EUR_56	31397377	31429485	32108	5
EUR_56	31458689	31553001	94312	12
EUR_56	31969301	32044180	74879	10
EUR_56	36498078	36506563	8485	2
EUR_56	40524070	40531689	7619	1
EUR_56	41170307	41185884	15577	2
EUR_56	41896558	41897997	1439	1
EUR_56	45262397	45300374	37977	5
EUR_56	46234794	46426354	191560	25
EUR_56	47986949	48088186	101237	13
EUR_57	864720	887567	22847	3
EUR_57	2036657	2077862	41205	6
EUR_57	6602745	6607910	5165	1
EUR_57	6632925	6679305	46380	6
EUR_57	10583877	10600945	17068	3
EUR_57	10920126	10920372	246	1
EUR_57	11360944	11448832	87888	12
EUR_57	11576374	11581877	5503	1
EUR_57	11630302	11705104	74802	10
EUR_57	13779593	13917230	137637	18
EUR_57	14826871	14835169	8298	2
EUR_57	15159254	15187887	28633	4
EUR_57	17916579	17983358	66779	9
EUR_57	19529137	19572494	43357	6
EUR_57	25045274	25075933	30659	4
EUR_57	25095346	25106748	11402	2
EUR_57	25319231	25408113	88882	12
EUR_57	30527970	30531255	3285	1
EUR_57	31618281	31657640	39359	5
EUR_57	32612479	32622255	9776	2
EUR_57	36484847	36506563	21716	3
EUR_57	41018197	41126897	108700	14
EUR_57	41230434	41293961	63527	9
EUR_57	48317426	48338230	20804	3
EUR_57	1930497	2038598	108101	14
EUR_57	2105113	2106323	1210	1
EUR_57	7641909	7709509	67600	9
EUR_57	7764827	7857368	92541	12
EUR_57	10918022	10953965	35943	5
EUR_57	11078722	11122255	43533	6
EUR_57	11266596	11305525	38929	5
EUR_57	11360944	11448832	87888	12
EUR_57	12485443	12493640	8197	2
EUR_57	13835497	13905595	70098	9
EUR_57	17464442	17527378	62936	8
EUR_57	17872722	17983358	110636	14
EUR_57	23598533	23685874	87341	12
EUR_57	25271432	25408113	136681	18
EUR_57	25508033	25535269	27236	4
EUR_57	32404436	32417734	13298	2
EUR_57	36498078	36506563	8485	2
EUR_57	40524070	40541166	17096	3
EUR_57	41000258	41074585	74327	10
EUR_57	41202794	41221991	19197	3
EUR_58	864720	887567	22847	3
EUR_58	2036657	2077862	41205	6
EUR_58	2586193	2591704	5511	1
EUR_58	2845976	2851899	5923	1
EUR_58	6602745	6691638	88893	12
EUR_58	10600195	10600945	750	1
EUR_58	10875976	10880965	4989	1
EUR_58	11216018	11300483	84465	11
EUR_58	13764087	13891801	127714	17
EUR_58	23598533	23621741	23208	3
EUR_58	25045274	25053135	7861	1
EUR_58	30341238	30350365	9127	2
EUR_58	31969301	32030673	61372	8
EUR_58	32555637	32557896	2259	1
EUR_58	33387820	33398262	10442	2
EUR_58	36251755	36322999	71244	9
EUR_58	40562275	40631332	69057	9
EUR_58	40655249	40719108	63859	9
EUR_58	45262397	45300374	37977	5
EUR_58	47306832	47323219	16387	3
EUR_58	1173834	1247512	73678	10
EUR_58	1930497	1935134	4637	1
EUR_58	2183069	2207970	24901	4
EUR_58	2586193	2591704	5511	1
EUR_58	2787883	2982769	194886	25
EUR_58	3512518	3528150	15632	2
EUR_58	6627187	6640538	13351	2
EUR_58	11411292	11448832	37540	5
EUR_58	12485443	12493640	8197	2
EUR_58	13246701	13266111	19410	3
EUR_58	15159254	15187887	28633	4
EUR_58	16017613	16026806	9193	2
EUR_58	17795981	17983358	187377	24
EUR_58	20308976	20366403	57427	8
EUR_58	25038753	25059948	21195	3
EUR_58	25132668	25217316	84648	11
EUR_58	25235151	25238029	2878	1
EUR_58	29283502	29342089	58587	8
EUR_58	31969301	31982644	13343	2
EUR_58	32404436	32417734	13298	2
EUR_58	33069398	33151065	81667	11
EUR_58	36299913	36347691	47778	7
EUR_58	40605745	40610338	4593	1
EUR_58	41292034	41293961	1927	1
EUR_58	45278228	45280914	2686	1
EUR_58	46103551	46172105	68554	9
EUR_58	48317426	48338230	20804	3
EUR_59	2183069	2207970	24901	4
EUR_59	2503976	2614709	110733	14
EUR_59	2689398	2839777	150379	19
EUR_59	3104088	3104808	720	1
EUR_59	3374518	3458402	83884	11
EUR_59	5596852	5648887	52035	7
EUR_59	6280026	6288163	8137	2
EUR_59	6404273	6543588	139315	18
EUR_59	6565697	6567053	1356	1
EUR_59	11066790	11073633	6843	1
EUR_59	11216018	11305525	89507	12
EUR_59	11360944	11448832	87888	12
EUR_59	14716633	14723200	6567	1
EUR_59	21345583	21369344	23761	3
EUR_59	30527970	30531255	3285	1
EUR_59	31779686	32037279	257593	33
EUR_59	32404436	32427441	23005	3
EUR_59	33316144	33385032	68888	9
EUR_59	35997174	36045432	48258	7
EUR_59	36251755	36370813	119058	16
EUR_59	36484847	36506563	21716	3
EUR_59	46363306	46397816	34510	5
EUR_59	47375663	47401302	25639	4
EUR_59	1173834	1247512	73678	10
EUR_59	2716070	2819887	103817	14
EUR_59	6047019	6078538	31519	4
EUR_59	11066790	11073633	6843	1
EUR_59	11216018	11305525	89507	12
EUR_59	11360944	11448832	87888	12
EUR_59	14716633	14723200	6567	1
EUR_59	22811805	22834981	23176	3
EUR_59	25036175	25059948	23773	3
EUR_59	27864112	27920486	56374	8
EUR_59	31779686	31858915	79229	11
EUR_59	35872885	36007338	134453	17
EUR_59	36520464	36570547	50083	7
EUR_59	41000258	41072610	72352	10
EUR_59	47939354	48020626	81272	11
EUR_60	2097738	2134513	36775	5
EUR_60	2183069	2207970	24901	4
EUR_60	2586193	2591704	5511	1
EUR_60	2784832	2982769	197937	25
EUR_60	10918022	10937334	19312	3
EUR_60	11231187	11305525	74338	10
EUR_60	11360944	11376232	15288	2
EUR_60	11411292	11448832	37540	5
EUR_60	11576374	11581877	5503	1
EUR_60	11630302	11659169	28867	4
EUR_60	13761312	13930944	169632	22
EUR_60	21296343	21369344	73001	10
EUR_60	30341238	30350365	9127	2
EUR_60	31156524	31197280	40756	6
EUR_60	31400738	31499618	98880	13
EUR_60	31689000	31699987	10987	2
EUR_60	32169554	32226605	57051	8
EUR_60	36351359	36399358	47999	7
EUR_60	41932498	42003534	71036	9
EUR_60	45278228	45291241	13013	2
EUR_60	47939354	48020626	81272	11
EUR_60	1124015	1310286	186271	24
EUR_60	1930497	2038598	108101	14
EUR_60	2105113	2106323	1210	1
EUR_60	7553361	7709509	156148	20
EUR_60	7719766	7790051	70285	9
EUR_60	10313325	10325463	12138	2
EUR_60	11216018	11232841	16823	3
EUR_60	11442334	11448832	6498	1
EUR_60	11576374	11581877	5503	1
EUR_60	11630302	11661430	31128	4
EUR_60	13126809	13165195	38386	5
EUR_60	13809499	13848449	38950	5
EUR_60	19529137	19572494	43357	6
EUR_60	25063829	25084660	20831	3
EUR_60	25195532	25199710	4178	1
EUR_60	25296870	25356426	59556	8
EUR_60	31887661	31913862	26201	4
EUR_60	33193910	33215777	21867	3
EUR_60	35983215	36045432	62217	8
EUR_60	36498078	36506563	8485	2
EUR_60	40589603	40700239	110636	14
EUR_60	41110284	41137159	26875	4
EUR_60	41896558	41897997	1439	1
EUR_60	47939354	48009694	70340	9
EUR_60	49184424	49300839	116415	15
EUR_61	1930497	1951751	21254	3
EUR_61	2586193	2591704	5511	1
EUR_61	4836612	4837910	1298	1
EUR_61	6648459	6677645	29186	4
EUR_61	10377885	10459002	81117	11
EUR_61	11216018	11305525	89507	12
EUR_61	14811750	14835169	23419	3
EUR_61	15159254	15187887	28633	4
EUR_61	16877935	16926510	48575	7
EUR_61	24814107	24852861	38754	5
EUR_61	25061967	25096390	34423	5
EUR_61	25262226	25300164	37938	5
EUR_61	31857402	31878461	21059	3
EUR_61	31903723	31913862	10139	2
EUR_61	32203428	32338373	134945	18
EUR_61	32404436	32427441	23005	3
EUR_61	33193910	33215777	21867	3
EUR_61	35872885	36007338	134453	17
EUR_61	40596350	40631332	34982	5
EUR_61	40655249	40719108	63859	9
EUR_61	41896558	41897997	1439	1
EUR_61	46361026	46426354	65328	9
EUR_61	47309597	47314366	4769	1
EUR_61	47359870	47402804	42934	6
EUR_61	1691256	1819789	128533	17
EUR_61	1837654	1904778	67124	9
EUR_61	2445953	2459423	13470	2
EUR_61	2586193	2591704	5511	1
EUR_61	2845976	2851899	5923	1
EUR_61	6602745	6693324	90579	12
EUR_61	11691089	11705104	14015	2
EUR_61	13189538	13266111	76573	10
EUR_61	14811750	14835169	23419	3
EUR_61	16963942	17049268	85326	11
EUR_61	17916579	17983358	66779	9
EUR_61	23687244	23727889	40645	6
EUR_61	25036175	25059948	23773	3
EUR_61	25326987	25395086	68099	9
EUR_61	25513659	25588077	74418	10
EUR_61	31379113	31417248	38135	5
EUR_61	33142597	33174401	31804	5
EUR_61	33387820	33398262	10442	2
EUR_61	36251755	36322999	71244	9
EUR_61	40562275	40631332	69057	9
EUR_61	40655249	40719108	63859	9
EUR_61	41018197	41126897	108700	14
EUR_61	47939354	47944895	5541	1
EUR_62	1662412	1896093	233681	30
EUR_62	1960680	2062085	101405	13
EUR_62	2716070	2850589	134519	17
EUR_62	3006256	3021356	15100	2
EUR_62	3040653	3231239	190586	25
EUR_62	10506272	10515574	9302	2
EUR_62	10918022	10959989	41967	6
EUR_62	11231187	11305525	74338	10
EUR_62	11648276	11667319	19043	3
EUR_62	12459526	12474378	14852	2
EUR_62	13779593	13848449	68856	9
EUR_62	14350456	14361651	11195	2
EUR_62	21296343	21369344	73001	10
EUR_62	23598533	23621741	23208	3
EUR_62	25036175	25059948	23773	3
EUR_62	27801587	27806289	4702	1
EUR_62	29160901	29295582	134681	18
EUR_62	31969301	31982644	13343	2
EUR_62	32404436	32417734	13298	2
EUR_62	33069398	33143422	74024	10
EUR_62	36291081	36505654	214573	28
EUR_62	40524070	40536346	12276	2
EUR_62	40639759	40701244	61485	8
EUR_62	41896558	41897997	1439	1
EUR_62	41986958	42003534	16576	3
EUR_62	47309597	47314366	4769	1
EUR_62	47359870	47384357	24487	4
EUR_62	47939354	47995369	56015	8
EUR_62	1893530	1953086	59556	8
EUR_62	2445953	2459423	13470	2
EUR_62	2508324	2697919	189595	24
EUR_62	3419757	3528150	108393	14
EUR_62	5645460	5666767	21307	3
EUR_62	6528939	6602879	73940	10
EUR_62	6679093	6700305	21212	3
EUR_62	7701860	7713360	11500	2
EUR_62	10306597	10459002	152405	20
EUR_62	10506272	10515574	9302	2
EUR_62	11244643	11303271	58628	8
EUR_62	13943733	13965781	22048	3
EUR_62	14811750	14835169	23419	3
EUR_62	14995879	15000465	4586	1
EUR_62	16620763	16643210	22447	3
EUR_62	17008231	17049268	41037	6
EUR_62	23628581	23672001	43420	6
EUR_62	29160901	29295582	134681	18
EUR_62	31779686	31782178	2492	1
EUR_62	31981633	31984356	2723	1
EUR_62	36143859	36220972	77113	10
EUR_62	41018197	41024278	6081	1
EUR_62	41170307	41185884	15577	2
EUR_62	41910381	41918830	8449	2
EUR_63	1930497	1935134	4637	1
EUR_63	2183069	2207970	24901	4
EUR_63	3374706	3437224	62518	8
EUR_63	6542738	6564580	21842	3
EUR_63	6632925	6655747	22822	3
EUR_63	7671170	7729514	58344	8
EUR_63	10918022	11068221	150199	19
EUR_63	11216018	11305525	89507	12
EUR_63	11360944	11448832	87888	12
EUR_63	11551550	11573908	22358	3
EUR_63	11599177	11705104	105927	14
EUR_63	12430041	12574791	144750	19
EUR_63	13943733	13965781	22048	3
EUR_63	16620763	16643210	22447	3
EUR_63	17008231	17049268	41037	6
EUR_63	17795981	17867862	71881	10
EUR_63	23636556	23685874	49318	7
EUR_63	25063829	25076106	12277	2
EUR_63	25103800	25217316	113516	15
EUR_63	25324980	25465358	140378	18
EUR_63	25733222	25743898	10676	2
EUR_63	30341238	30350365	9127	2
EUR_63	31156524	31223787	67263	9
EUR_63	31422828	31499618	76790	10
EUR_63	31689000	31699987	10987	2
EUR_63	32647767	32653956	6189	1
EUR_63	36498078	36506563	8485	2
EUR_63	40639759	40698609	58850	8
EUR_63	45262397	45300374	37977	5
EUR_63	49184424	49300839	116415	15
EUR_63	864720	887567	22847	3
EUR_63	2072165	2106323	34158	5
EUR_63	2106396	2171835	65439	9
EUR_63	2267871	2305247	37376	5
EUR_63	2445953	2459423	13470	2
EUR_63	2586193	2591704	5511	1
EUR_63	2845976	2851899	5923	1
EUR_63	6602745	6724200	121455	16
EUR_63	7641909	7709509	67600	9
EUR_63	7764827	7908597	143770	19
EUR_63	10918022	10924399	6377	1
EUR_63	11216018	11232841	16823	3
EUR_63	11442334	11448832	6498	1
EUR_63	11576374	11581877	5503	1
EUR_63	11630302	11661430	31128	4
EUR_63	12433292	12574791	141499	18
EUR_63	14811750	14826322	14572	2
EUR_63	14826871	14835169	8298	2
EUR_63	15159254	15187887	28633	4
EUR_63	17020844	17049268	28424	4
EUR_63	22780357	22848615	68258	9
EUR_63	23687244	23727889	40645	6
EUR_63	24984486	25076490	92004	12
EUR_63	25078149	25217316	139167	18
EUR_63	30341238	30350365	9127	2
EUR_63	31414750	31420442	5692	1
EUR_63	32612479	32622255	9776	2
EUR_63	33142597	33174401	31804	5
EUR_63	36143859	36220972	77113	10
EUR_63	40538208	40541166	2958	1
EUR_63	41278879	41293961	15082	2
EUR_63	41896558	41897997	1439	1
EUR_63	45278228	45291241	13013	2
EUR_63	47939354	48009694	70340	9
EUR_64	1173834	1247512	73678	10
EUR_64	2716070	2819887	103817	14
EUR_64	5430664	5442656	11992	2
EUR_64	6602745	6693324	90579	12
EUR_64	10929987	10974365	44378	6
EUR_64	13779593	13965781	186188	24
EUR_64	14811750	14835169	23419	3
EUR_64	21296343	21369344	73001	10
EUR_64	23598533	23621741	23208	3
EUR_64	29160901	29269615	108714	14
EUR_64	31397377	31420442	23065	3
EUR_64	31907198	31907462	264	1
EUR_64	32026816	32046391	19575	3
EUR_64	32555637	32557896	2259	1
EUR_64	33387820	33398262	10442	2
EUR_64	36036358	36045432	9074	2
EUR_64	40538208	40541166	2958	1
EUR_64	46927089	47022994	95905	13
EUR_64	47502449	47598720	96271	13
EUR_64	48317426	48338230	20804	3
EUR_64	2928891	3021356	92465	12
EUR_64	3040653	3056389	15736	2
EUR_64	6721990	6730412	8422	2
EUR_64	10583877	10600945	17068	3
EUR_64	10920126	10920372	246	1
EUR_64	11630302	11661430	31128	4
EUR_64	13761312	13858796	97484	13
EUR_64	14716633	14723200	6567	1
EUR_64	15349260	15371253	21993	3
EUR_64	17795981	17965967	169986	22
EUR_64	25072665	25075933	3268	1
EUR_64	25095346	25106748	11402	2
EUR_64	25319231	25419368	100137	13
EUR_64	31379113	31417248	38135	5
EUR_64	33142597	33174401	31804	5
EUR_64	41000258	41199187	198929	26
EUR_64	47306832	47398829	91997	12
EUR_65	2586193	2591704	5511	1
EUR_65	4027908	4027984	76	1
EUR_65	4310596	4327436	16840	3
EUR_65	6602745	6724200	121455	16
EUR_65	11431206	11448832	17626	3
EUR_65	11551550	11573908	22358	3
EUR_65	13126809	13266111	139302	18
EUR_65	31259615	31289686	30071	4
EUR_65	31779686	32175487	395801	50
EUR_65	35989006	36045432	56426	8
EUR_65	36498078	36506563	8485	2
EUR_65	40538208	40541166	2958	1
EUR_65	41018197	41126897	108700	14
EUR_65	41943839	42003534	59695	8
EUR_65	47939354	47988402	49048	7
EUR_65	2105113	2106323	1210	1
EUR_65	2445953	2459423	13470	2
EUR_65	2586193	2591704	5511	1
EUR_65	2845976	2851899	5923	1
EUR_65	4027908	4111093	83185	11
EUR_65	5430664	5442656	11992	2
EUR_65	6602745	6693324	90579	12
EUR_65	11442334	11448832	6498	1
EUR_65	13126809	13151849	25040	4
EUR_65	13215258	13266111	50853	7
EUR_65	14342828	14370739	27911	4
EUR_65	14716633	14723200	6567	1
EUR_65	14995879	15000465	4586	1
EUR_65	16981590	17046677	65087	9
EUR_65	17047990	17049268	1278	1
EUR_65	23025500	23039318	13818	2
EUR_65	23628581	23670239	41658	6
EUR_65	25036175	25059948	23773	3
EUR_65	25563637	25813728	250091	32
EUR_65	26062350	26086202	23852	4
EUR_65	31306130	31355236	49106	7
EUR_65	31458689	31553001	94312	12
EUR_65	32486086	32580983	94897	12
EUR_65	36025195	36215258	190063	25
EUR_65	36562799	36570547	7748	1
EUR_65	40538208	40541166	2958	1
EUR_65	41170307	41185884	15577	2
EUR_65	47939354	48020626	81272	11
EUR_66	6528939	6602879	73940	10
EUR_66	10441451	10459002	17551	3
EUR_66	11216018	11300483	84465	11
EUR_66	12485443	12493640	8197	2
EUR_66	12722250	12727281	5031	1
EUR_66	13792871	13965781	172910	22
EUR_66	15159254	15187887	28633	4
EUR_66	15349260	15371253	21993	3
EUR_66	23606225	23685874	79649	11
EUR_66	30527970	30531255	3285	1
EUR_66	31259615	31289686	30071	4
EUR_66	31969301	32044180	74879	10
EUR_66	36207118	36418772	211654	27
EUR_66	36498078	36506563	8485	2
EUR_66	41018197	41126897	108700	14
EUR_66	41230434	41293961	63527	9
EUR_66	46361026	46409276	48250	7
EUR_66	2072165	2106323	34158	5
EUR_66	2106396	2171835	65439	9
EUR_66	2267871	2305247	37376	5
EUR_66	2586193	2591704	5511	1
EUR_66	6721990	6730412	8422	2
EUR_66	10875976	10880965	4989	1
EUR_66	11219386	11232841	13455	2
EUR_66	11630302	11705104	74802	10
EUR_66	13931470	13965545	34075	5
EUR_66	24908271	24952712	44441	6
EUR_66	31458689	31468185	9496	2
EUR_66	31689000	31699987	10987	2
EUR_66	32555637	32557896	2259	1
EUR_66	33069398	33151065	81667	11
EUR_66	35983215	36045432	62217	8
EUR_66	36498078	36506563	8485	2
EUR_66	41896558	41897997	1439	1
EUR_67	1144759	1278179	133420	17
EUR_67	1691256	1742921	51665	7
EUR_67	1930497	1951751	21254	3
EUR_67	2955498	3021356	65858	9
EUR_67	3040653	3231239	190586	25
EUR_67	3629717	3635080	5363	1
EUR_67	6404273	6444711	40438	6
EUR_67	6602745	6724200	121455	16
EUR_67	11121107	11122255	1148	1
EUR_67	11225139	11282514	57375	8
EUR_67	11648276	11667319	19043	3
EUR_67	12485443	12493640	8197	2
EUR_67	14826871	14835169	8298	2
EUR_67	15159254	15187887	28633	4
EUR_67	17035396	17049268	13872	2
EUR_67	17795981	17983358	187377	24
EUR_67	22877798	22921455	43657	6
EUR_67	23628581	23672001	43420	6
EUR_67	25063829	25084660	20831	3
EUR_67	25195532	25199710	4178	1
EUR_67	25271432	25408113	136681	18
EUR_67	25560187	25588077	27890	4
EUR_67	31221066	31223787	2721	1
EUR_67	31397377	31429485	32108	5
EUR_67	31458689	31553001	94312	12
EUR_67	31969301	32044180	74879	10
EUR_67	40605745	40610338	4593	1
EUR_67	1173834	1247512	73678	10
EUR_67	2716070	2819887	103817	14
EUR_67	5430664	5442656	11992	2
EUR_67	6602745	6693324	90579	12
EUR_67	10918022	11122255	204233	26
EUR_67	11288616	11300483	11867	2
EUR_67	13237400	13266111	28711	4
EUR_67	16017613	16026806	9193	2
EUR_67	19634530	19653747	19217	3
EUR_67	22780357	22852913	72556	10
EUR_67	30341238	30350365	9127	2
EUR_67	31969301	32030673	61372	8
EUR_67	32555637	32557896	2259	1
EUR_67	33387820	33398262	10442	2
EUR_67	36198008	36457905	259897	33
EUR_67	36498078	36506563	8485	2
EUR_67	40524070	40531689	7619	1
EUR_67	40589603	40719108	129505	17
EUR_67	41896558	41897997	1439	1
EUR_67	41986958	42003534	16576	3
EUR_67	47306832	47401302	94470	12
EUR_67	47939354	48009694	70340	9
EUR_68	2586193	2591704	5511	1
EUR_68	2784832	2861330	76498	10
EUR_68	5730825	5735613	4788	1
EUR_68	6602745	6607910	5165	1
EUR_68	6632925	6679305	46380	6
EUR_68	7585432	7709509	124077	16
EUR_68	7719766	7790051	70285	9
EUR_68	11121107	11122255	1148	1
EUR_68	11225139	11282514	57375	8
EUR_68	11648276	11667319	19043	3
EUR_68	13764087	13940655	176568	23
EUR_68	17916579	17983358	66779	9
EUR_68	25036175	25059948	23773	3
EUR_68	31397377	31429485	32108	5
EUR_68	31504989	31553001	48012	7
EUR_68	31969301	31982644	13343	2
EUR_68	36025195	36138327	113132	15
EUR_68	36498078	36506563	8485	2
EUR_68	41018197	41131799	113602	15
EUR_68	47306832	47401302	94470	12
EUR_68	47939354	47988402	49048	7
EUR_68	1173046	1310286	137240	18
EUR_68	2046239	2185648	139409	18
EUR_68	6698003	6721164	23161	3
EUR_68	10506272	10515574	9302	2
EUR_68	10918022	10946307	28285	4
EUR_68	11216018	11305525	89507	12
EUR_68	11360944	11401880	40936	6
EUR_68	11554510	11644893	90383	12
EUR_68	12433292	12574791	141499	18
EUR_68	17966387	17983358	16971	3
EUR_68	24908271	24952712	44441	6
EUR_68	29174539	29208331	33792	5
EUR_68	29283502	29342089	58587	8
EUR_68	30527970	30531255	3285	1
EUR_68	32206668	32338373	131705	17
EUR_68	32404436	32427441	23005	3
EUR_68	32530188	32616759	86571	11
EUR_68	35997174	36045432	48258	7
EUR_68	36251755	36370813	119058	16
EUR_68	36484847	36506563	21716	3
EUR_68	40663673	40698609	34936	5
EUR_68	41110284	41139372	29088	4
EUR_68	41164519	41199187	34668	5
EUR_68	41284321	41286477	2156	1
EUR_68	47939354	47944895	5541	1
EUR_69	1691256	1742921	51665	7
EUR_69	2183069	2207970	24901	4
EUR_69	2586193	2591704	5511	1
EUR_69	3374518	3458402	83884	11
EUR_69	4774414	4837910	63496	9
EUR_69	5463548	5470404	6856	1
EUR_69	6528939	6602879	73940	10
EUR_69	10583877	10600945	17068	3
EUR_69	10920126	10920372	246	1
EUR_69	11216018	11250498	34480	5
EUR_69	11360944	11448832	87888	12
EUR_69	11608194	11652073	43879	6
EUR_69	16017613	16026806	9193	2
EUR_69	19332471	19333614	1143	1
EUR_69	25036175	25059948	23773	3
EUR_69	25429461	25542673	113212	15
EUR_69	30527970	30529616	1646	1
EUR_69	31414750	31420442	5692	1
EUR_69	36036358	36045432	9074	2
EUR_69	40538208	40541166	2958	1
EUR_69	1173834	1247512	73678	10
EUR_69	1837654	1847399	9745	2
EUR_69	2167206	2171835	4629	1
EUR_69	2267871	2305247	37376	5
EUR_69	2586193	2591704	5511	1
EUR_69	6178548	6231837	53289	7
EUR_69	6280026	6327028	47002	6
EUR_69	10506272	10515574	9302	2
EUR_69	11112002	11124106	12104	2
EUR_69	11216018	11277910	61892	8
EUR_69	11360944	11448832	87888	12
EUR_69	11608194	11652073	43879	6
EUR_69	14275533	14319945	44412	6
EUR_69	14811750	14835169	23419	3
EUR_69	15367716	15371253	3537	1
EUR_69	16017613	16026806	9193	2
EUR_69	19529137	19572494	43357	6
EUR_69	25036175	25059948	23773	3
EUR_69	27864112	27920486	56374	8
EUR_69	31259615	31289686	30071	4
EUR_69	31618281	31657640	39359	5
EUR_69	33193910	33215777	21867	3
EUR_69	35983215	36045432	62217	8
EUR_69	36498078	36506563	8485	2
EUR_69	41137824	41139372	1548	1
EUR_69	41164519	41199187	34668	5
EUR_69	41284321	41286477	2156	1
EUR_69	47939354	47944895	5541	1
EUR_70	2072165	2106323	34158	5
EUR_70	2106396	2135510	29114	4
EUR_70	2183069	2207970	24901	4
EUR_70	5463548	5470404	6856	1
EUR_70	6602745	6607910	5165	1
EUR_70	6632925	6679305	46380	6
EUR_70	10306597	10382930	76333	10
EUR_70	10506272	10515574	9302	2
EUR_70	11112002	11124106	12104	2
EUR_70	11216018	11300483	84465	11
EUR_70	11360944	11376232	15288	2
EUR_70	11382827	11448832	66005	9
EUR_70	24908271	24948471	40200	6
EUR_70	25042216	25109458	67242	9
EUR_70	25195532	25217316	21784	3
EUR_70	25563637	25600278	36641	5
EUR_70	29845482	30005156	159674	21
EUR_70	31379113	31417248	38135	5
EUR_70	32404436	32427441	23005	3
EUR_70	35997174	36045432	48258	7
EUR_70	36473411	36479694	6283	1
EUR_70	36521540	36534857	13317	2
EUR_70	40605745	40610338	4593	1
EUR_70	41202794	41221991	19197	3
EUR_70	41910381	41918830	8449	2
EUR_70	47939354	48009694	70340	9
EUR_70	2035623	2183723	148100	19
EUR_70	2689398	2850589	161191	21
EUR_70	3374518	3533432	158914	21
EUR_70	4027908	4111093	83185	11
EUR_70	10306597	10459002	152405	20
EUR_70	11216018	11300483	84465	11
EUR_70	11532186	11705104	172918	22
EUR_70	12039587	12078012	38425	5
EUR_70	12485443	12493640	8197	2
EUR_70	13805314	13848449	43135	6
EUR_70	15159254	15187887	28633	4
EUR_70	17802358	17983358	181000	23
EUR_70	23618993	23685874	66881	9
EUR_70	25002639	25038480	35841	5
EUR_70	25042635	25096390	53755	7
EUR_70	25174124	25217316	43192	6
EUR_70	25564046	25565639	1593	1
EUR_70	26016673	26086202	69529	9
EUR_70	30341238	30350365	9127	2
EUR_70	31162133	31197280	35147	5
EUR_70	31306130	31355236	49106	7
EUR_70	31458689	31553001	94312	12
EUR_70	31969301	31982644	13343	2
EUR_70	36484847	36506563	21716	3
EUR_70	40538208	40541166	2958	1
EUR_70	41000258	41131799	131541	17
EUR_70	41155114	41199187	44073	6
EUR_70	45262397	45300374	37977	5
EUR_70	46012809	46015996	3187	1
EUR_70	46234794	46426354	191560	25
EUR_70	47375663	47401302	25639	4
EUR_71	2183069	2207970	24901	4
EUR_71	2586193	2591704	5511	1
EUR_71	3104088	3104808	720	1
EUR_71	6280026	6327028	47002	6
EUR_71	10306597	10347518	40921	6
EUR_71	10410256	10431856	21600	3
EUR_71	10506272	10515574	9302	2
EUR_71	11260121	11300483	40362	6
EUR_71	11460718	11542349	81631	11
EUR_71	13815252	13930944	115692	15
EUR_71	14826871	14835169	8298	2
EUR_71	15349260	15371253	21993	3
EUR_71	19529137	19572494	43357	6
EUR_71	31259615	31289686	30071	4
EUR_71	31458689	31553001	94312	12
EUR_71	31969301	31982644	13343	2
EUR_71	33193910	33215777	21867	3
EUR_71	36520464	36570547	50083	7
EUR_71	41202794	41221991	19197	3
EUR_71	47939354	47944895	5541	1
EUR_71	2027642	2038598	10956	2
EUR_71	2183069	2207970	24901	4
EUR_71	2716070	2757931	41861	6
EUR_71	2968010	2982769	14759	2
EUR_71	6632925	6724200	91275	12
EUR_71	11121107	11122255	1148	1
EUR_71	11225139	11282514	57375	8
EUR_71	11648276	11667319	19043	3
EUR_71	12485443	12493640	8197	2
EUR_71	16017613	16020167	2554	1
EUR_71	16620763	16643210	22447	3
EUR_71	17799560	17983358	183798	24
EUR_71	23674305	23727889	53584	7
EUR_71	24930056	24952712	22656	3
EUR_71	25535104	25562146	27042	4
EUR_71	30527970	30531255	3285	1
EUR_71	36117337	36206135	88798	12
EUR_71	41170307	41185884	15577	2
EUR_71	45262397	45300374	37977	5
EUR_71	46234794	46426354	191560	25
EUR_71	47939354	47995369	56015	8
EUR_71	48317426	48338230	20804	3
EUR_72	1279109	1310286	31177	4
EUR_72	1662412	1707832	45420	6
EUR_72	1896015	1904778	8763	2
EUR_72	2445953	2459423	13470	2
EUR_72	2586193	2591704	5511	1
EUR_72	6405109	6414280	9171	2
EUR_72	6467742	6619476	151734	20
EUR_72	11360944	11448832	87888	12
EUR_72	11648276	11667319	19043	3
EUR_72	12485443	12493640	8197	2
EUR_72	25445356	25446530	1174	1
EUR_72	31379113	31417248	38135	5
EUR_72	32169554	32289064	119510	16
EUR_72	36198008	36457905	259897	33
EUR_72	40596350	40597157	807	1
EUR_72	41000258	41199187	198929	26
EUR_72	48317426	48338230	20804	3
EUR_72	2586193	2591704	5511	1
EUR_72	3104088	3104808	720	1
EUR_72	6949931	7058683	108752	14
EUR_72	10454414	10496133	41719	6
EUR_72	11121107	11122255	1148	1
EUR_72	11225139	11282514	57375	8
EUR_72	11648276	11667319	19043	3
EUR_72	17795981	17838006	42025	6
EUR_72	24990906	25001325	10419	2
EUR_72	25019110	25159081	139971	18
EUR_72	25312497	25395086	82589	11
EUR_72	25513659	25515534	1875	1
EUR_72	30527970	30531255	3285	1
EUR_72	31379113	31417248	38135	5
EUR_72	33069398	33151065	81667	11
EUR_72	35997174	36045432	48258	7
EUR_72	36252432	36488394	235962	30
EUR_72	36498078	36506563	8485	2
EUR_72	40524070	40531689	7619	1
EUR_72	40589603	40719108	129505	17
EUR_72	41170307	41185884	15577	2
EUR_72	41910381	41918830	8449	2
EUR_72	45879695	45943076	63381	8
EUR_72	46927089	47022994	95905	13
EUR_72	47967258	47992903	25645	4
EUR_73	2096183	2106323	10140	2
EUR_73	2106396	2171835	65439	9
EUR_73	2267871	2271910	4039	1
EUR_73	2586193	2591704	5511	1
EUR_73	3374518	3458402	83884	11
EUR_73	3988003	4108651	120648	16
EUR_73	7854066	7857368	3302	1
EUR_73	10306597	10459002	152405	20
EUR_73	10918022	10959989	41967	6
EUR_73	11231187	11305525	74338	10
EUR_73	11360944	11376232	15288	2
EUR_73	11382827	11448832	66005	9
EUR_73	12485443	12493640	8197	2
EUR_73	19289490	19299322	9832	2
EUR_73	21296343	21369344	73001	10
EUR_73	24917505	25000341	82836	11
EUR_73	25262226	25309570	47344	6
EUR_73	25445356	25446530	1174	1
EUR_73	31261493	31355236	93743	12
EUR_73	32169554	32338373	168819	22
EUR_73	40524070	40536346	12276	2
EUR_73	40639759	40701244	61485	8
EUR_73	46400309	46422460	22151	3
EUR_73	47986949	48088186	101237	13
EUR_73	2183069	2207970	24901	4
EUR_73	2586193	2591704	5511	1
EUR_73	3104088	3104808	720	1
EUR_73	6823045	6831612	8567	2
EUR_73	11411292	11448832	37540	5
EUR_73	17016945	17049268	32323	5
EUR_73	20308976	20387073	78097	10
EUR_73	23598533	23685874	87341	12
EUR_73	25103565	25217316	113751	15
EUR_73	25324980	25465358	140378	18
EUR_73	29845482	30005156	159674	21
EUR_73	31259615	31289686	30071	4
EUR_73	31458689	31499618	40929	6
EUR_73	32203428	32338373	134945	18
EUR_73	32355519	32361768	6249	1
EUR_73	36025195	36138327	113132	15
EUR_74	2183069	2207970	24901	4
EUR_74	2445953	2459423	13470	2
EUR_74	2586193	2591704	5511	1
EUR_74	6602745	6653680	50935	7
EUR_74	10918022	10959989	41967	6
EUR_74	11608194	11705104	96910	13
EUR_74	17464442	17527378	62936	8
EUR_74	19529137	19572494	43357	6
EUR_74	25023493	25076490	52997	7
EUR_74	25078149	25217316	139167	18
EUR_74	25291565	25303883	12318	2
EUR_74	25449426	25457748	8322	2
EUR_74	31397377	31429485	32108	5
EUR_74	31691424	31699987	8563	2
EUR_74	31969301	31982644	13343	2
EUR_74	32273690	32361768	88078	12
EUR_74	32404436	32417734	13298	2
EUR_74	35978019	36030630	52611	7
EUR_74	36498078	36506563	8485	2
EUR_74	40663673	40698609	34936	5
EUR_74	41202794	41221991	19197	3
EUR_74	46391591	46404930	13339	2
EUR_74	1691256	1819789	128533	17
EUR_74	1837654	1904778	67124	9
EUR_74	2027642	2038598	10956	2
EUR_74	2183069	2207970	24901	4
EUR_74	2716070	2757931	41861	6
EUR_74	2968010	2982769	14759	2
EUR_74	7553361	7709509	156148	20
EUR_74	7719766	7790051	70285	9
EUR_74	10313325	10325463	12138	2
EUR_74	10918022	11122255	204233	26
EUR_74	11360944	11448832	87888	12
EUR_74	11551550	11573908	22358	3
EUR_74	11599177	11637999	38822	5
EUR_74	12039587	12078012	38425	5
EUR_74	12485443	12493640	8197	2
EUR_74	13805314	13848449	43135	6
EUR_74	14716633	14723200	6567	1
EUR_74	15159254	15187887	28633	4
EUR_74	15349260	15371253	21993	3
EUR_74	16877935	16926510	48575	7
EUR_74	17880196	17941014	60818	8
EUR_74	19634530	19653747	19217	3
EUR_74	25563637	25717664	154027	20
EUR_74	31397377	31429485	32108	5
EUR_74	32235566	32299496	63930	9
EUR_74	40562275	40603797	41522	6
EUR_74	40605745	40610338	4593	1
EUR_74	41018197	41102990	84793	11
EUR_74	45278228	45278901	673	1
EUR_74	46363306	46426354	63048	8
EUR_74	47317924	47398829	80905	11
EUR_75	1691256	1742921	51665	7
EUR_75	1930497	1951751	21254	3
EUR_75	2586193	2591704	5511	1
EUR_75	6602745	6693324	90579	12
EUR_75	10875976	10880965	4989	1
EUR_75	11219386	11232841	13455	2
EUR_75	11630302	11705104	74802	10
EUR_75	13827730	13930944	103214	14
EUR_75	16017613	16026806	9193	2
EUR_75	17795981	17965967	169986	22
EUR_75	19332471	19333614	1143	1
EUR_75	25036175	25059948	23773	3
EUR_75	31261493	31355236	93743	12
EUR_75	32169554	32338373	168819	22
EUR_75	32650396	32653956	3560	1
EUR_75	36036358	36045432	9074	2
EUR_75	36562799	36570547	7748	1
EUR_75	40524070	40541166	17096	3
EUR_75	41202794	41244714	41920	6
EUR_75	45262397	45300374	37977	5
EUR_75	1691256	1843036	151780	20
EUR_75	1848930	1849107	177	1
EUR_75	2105113	2106323	1210	1
EUR_75	4077261	4111093	33832	5
EUR_75	5463548	5470404	6856	1
EUR_75	5647865	5666767	18902	3
EUR_75	6567114	6600481	33367	5
EUR_75	6632925	6678576	45651	6
EUR_75	10419745	10500263	80518	11
EUR_75	10579081	10600945	21864	3
EUR_75	10918022	10946307	28285	4
EUR_75	11216018	11300483	84465	11
EUR_75	13126809	13266111	139302	18
EUR_75	21296343	21369344	73001	10
EUR_75	25036175	25059948	23773	3
EUR_75	25368414	25395086	26672	4
EUR_75	25513659	25523703	10044	2
EUR_75	27864112	27920486	56374	8
EUR_75	30527970	30531255	3285	1
EUR_75	31397377	31420442	23065	3
EUR_75	31618281	31684536	66255	9
EUR_75	33193910	33215777	21867	3
EUR_75	36251755	36322999	71244	9
EUR_75	41202794	41221991	19197	3
EUR_75	46363306	46397816	34510	5
EUR_75	47309597	47314366	4769	1
EUR_75	47359870	47384357	24487	4
EUR_75	48303107	48400149	97042	13
EUR_76	1124015	1310286	186271	24
EUR_76	2072165	2095448	23283	3
EUR_76	2784832	2850589	65757	9
EUR_76	5463548	5470404	6856	1
EUR_76	6602745	6724200	121455	16
EUR_76	6756911	6791336	34425	5
EUR_76	7553361	7709509	156148	20
EUR_76	10875976	10880965	4989	1
EUR_76	11360944	11448832	87888	12
EUR_76	11603437	11705104	101667	13
EUR_76	16017613	16020167	2554	1
EUR_76	16620763	16643210	22447	3
EUR_76	19529137	19572494	43357	6
EUR_76	24773585	25011966	238381	31
EUR_76	25036175	25059948	23773	3
EUR_76	25095560	25217316	121756	16
EUR_76	25324980	25458170	133190	17
EUR_76	31871395	31914145	42750	6
EUR_76	32594663	32616759	22096	3
EUR_76	36143859	36220972	77113	10
EUR_76	40524070	40531412	7342	1
EUR_76	45879695	45912009	32314	5
EUR_76	47475971	47793684	317713	41
EUR_76	864720	879695	14975	2
EUR_76	1662412	1896093	233681	30
EUR_76	1960680	2062085	101405	13
EUR_76	5463548	5470404	6856	1
EUR_76	6602745	6724200	121455	16
EUR_76	10506272	10515574	9302	2
EUR_76	10918022	10987067	69045	9
EUR_76	11216018	11300483	84465	11
EUR_76	13126809	13266111	139302	18
EUR_76	14332120	14370739	38619	5
EUR_76	14811750	14835169	23419	3
EUR_76	14995879	15000465	4586	1
EUR_76	17795981	17983358	187377	24
EUR_76	19206122	19308470	102348	13
EUR_76	25036175	25059948	23773	3
EUR_76	29174539	29193536	18997	3
EUR_76	30527970	30531255	3285	1
EUR_76	31814580	31836933	22353	3
EUR_76	31981633	31984356	2723	1
EUR_76	33316144	33385032	68888	9
EUR_76	40524070	40531689	7619	1
EUR_76	41018197	41024278	6081	1
EUR_76	41170307	41185884	15577	2
EUR_76	45262397	45300374	37977	5
EUR_76	47939354	48009694	70340	9
EUR_77	1930497	1935134	4637	1
EUR_77	2183069	2207970	24901	4
EUR_77	2955498	3021356	65858	9
EUR_77	3040653	3231239	190586	25
EUR_77	4836612	4837910	1298	1
EUR_77	6458044	6522708	64664	9
EUR_77	6602745	6693324	90579	12
EUR_77	10920126	10920372	246	1
EUR_77	11216018	11305525	89507	12
EUR_77	11360944	11448832	87888	12
EUR_77	14966249	15000465	34216	5
EUR_77	23025500	23039318	13818	2
EUR_77	23628581	23670239	41658	6
EUR_77	25045274	25075933	30659	4
EUR_77	25095346	25106748	11402	2
EUR_77	25319231	25426466	107235	14
EUR_77	27864112	27920486	56374	8
EUR_77	31969301	31982644	13343	2
EUR_77	32404436	32417734	13298	2
EUR_77	33069398	33143422	74024	10
EUR_77	36198008	36457905	259897	33
EUR_77	36498078	36506563	8485	2
EUR_77	40605745	40610338	4593	1
EUR_77	41000258	41199187	198929	26
EUR_77	47306832	47401302	94470	12
EUR_77	47939354	47988402	49048	7
EUR_77	2072165	2106323	34158	5
EUR_77	2106396	2137032	30636	4
EUR_77	5463548	5470404	6856	1
EUR_77	11360944	11448832	87888	12
EUR_77	11608194	11652073	43879	6
EUR_77	13779593	13848449	68856	9
EUR_77	16620763	16643210	22447	3
EUR_77	19206122	19418900	212778	27
EUR_77	22780357	22852913	72556	10
EUR_77	31571161	31664255	93094	12
EUR_77	36251755	36322999	71244	9
EUR_77	41000258	41024278	24020	4
EUR_77	45262397	45300374	37977	5
EUR_77	47306832	47401302	94470	12
EUR_77	47408955	47449675	40720	6
EUR_77	49264308	49292119	27811	4
EUR_78	5596852	5648887	52035	7
EUR_78	6280026	6288163	8137	2
EUR_78	6404273	6543588	139315	18
EUR_78	6565697	6567053	1356	1
EUR_78	6689428	6705310	15882	2
EUR_78	7553361	7668485	115124	15
EUR_78	10306597	10459002	152405	20
EUR_78	10968426	11108285	139859	18
EUR_78	11387678	11390532	2854	1
EUR_78	17008231	17049268	41037	6
EUR_78	17795981	17822038	26057	4
EUR_78	19332471	19333614	1143	1
EUR_78	19634530	19653747	19217	3
EUR_78	24963301	24995861	32560	5
EUR_78	25002639	25076490	73851	10
EUR_78	25078149	25217316	139167	18
EUR_78	25291565	25303883	12318	2
EUR_78	25449426	25457748	8322	2
EUR_78	30527970	30531255	3285	1
EUR_78	31871395	31914145	42750	6
EUR_78	32594663	32616759	22096	3
EUR_78	36351359	36399358	47999	7
EUR_78	47309597	47314366	4769	1
EUR_78	47359870	47384357	24487	4
EUR_78	2183069	2207970	24901	4
EUR_78	2586193	2591704	5511	1
EUR_78	3125519	3126421	902	1
EUR_78	5430664	5442656	11992	2
EUR_78	6602745	6620266	17521	3
EUR_78	10434722	10452879	18157	3
EUR_78	10583877	10600945	17068	3
EUR_78	11216018	11305525	89507	12
EUR_78	11360944	11448832	87888	12
EUR_78	11655702	11672664	16962	3
EUR_78	13794548	13848449	53901	7
EUR_78	24924971	24994009	69038	9
EUR_78	31259615	31289686	30071	4
EUR_78	31969301	32016212	46911	6
EUR_78	35997174	36045432	48258	7
EUR_78	40538208	40541166	2958	1
EUR_78	41202794	41221991	19197	3
EUR_78	41896558	41897997	1439	1
EUR_78	45879695	45943076	63381	8
EUR_78	47306832	47401302	94470	12
EUR_78	48303107	48400149	97042	13
EUR_79	864720	887567	22847	3
EUR_79	1893530	1901169	7639	1
EUR_79	2035623	2073997	38374	5
EUR_79	2586193	2591704	5511	1
EUR_79	3430244	3533432	103188	14
EUR_79	10929987	10974365	44378	6
EUR_79	15935821	15992147	56326	8
EUR_79	24814107	24852861	38754	5
EUR_79	25061967	25096390	34423	5
EUR_79	25262226	25300164	37938	5
EUR_79	31857402	31878461	21059	3
EUR_79	31903723	31913862	10139	2
EUR_79	32203428	32338373	134945	18
EUR_79	32404436	32427441	23005	3
EUR_79	33193910	33215777	21867	3
EUR_79	35872885	36007338	134453	17
EUR_79	40596350	40631332	34982	5
EUR_79	40655249	40719108	63859	9
EUR_79	41896558	41897997	1439	1
EUR_79	46361026	46426354	65328	9
EUR_79	47309597	47314366	4769	1
EUR_79	47359870	47390861	30991	4
EUR_79	47939354	48020626	81272	11
EUR_79	1691256	1742921	51665	7
EUR_79	1930497	1951751	21254	3
EUR_79	2009964	2305247	295283	38
EUR_79	2586193	2591704	5511	1
EUR_79	11231187	11305525	74338	10
EUR_79	11360944	11376232	15288	2
EUR_79	11648276	11667319	19043	3
EUR_79	12485443	12493640	8197	2
EUR_79	12722250	12727281	5031	1
EUR_79	13931470	13965545	34075	5
EUR_79	14811750	14835169	23419	3
EUR_79	14995879	15000465	4586	1
EUR_79	17035396	17049268	13872	2
EUR_79	22848161	22852913	4752	1
EUR_79	23687244	23727889	40645	6
EUR_79	25036175	25059948	23773	3
EUR_79	31397377	31429485	32108	5
EUR_79	32647767	32653956	6189	1
EUR_79	35872885	36007338	134453	17
EUR_79	41000258	41199187	198929	26
EUR_79	49184424	49242283	57859	8
EUR_80	2072165	2106323	34158	5
EUR_80	2106396	2137032	30636	4
EUR_80	5463548	5470404	6856	1
EUR_80	10454414	10496133	41719	6
EUR_80	11121107	11122255	1148	1
EUR_80	11225139	11282514	57375	8
EUR_80	11648276	11667319	19043	3
EUR_80	12485443	12493640	8197	2
EUR_80	13126809	13266111	139302	18
EUR_80	17035396	17049268	13872	2
EUR_80	17795981	17983358	187377	24
EUR_80	19206122	19308470	102348	13
EUR_80	23598533	23621741	23208	3
EUR_80	25045274	25053135	7861	1
EUR_80	36198008	36267288	69280	9
EUR_80	40524070	40525247	1177	1
EUR_80	45278228	45291241	13013	2
EUR_80	864720	887567	22847	3
EUR_80	1893530	1901169	7639	1
EUR_80	2035623	2134882	99259	13
EUR_80	2183069	2207970	24901	4
EUR_80	2586193	2591704	5511	1
EUR_80	3988003	3992319	4316	1
EUR_80	6602745	6691638	88893	12
EUR_80	7789196	7826660	37464	5
EUR_80	7931322	7937075	5753	1
EUR_80	10306597	10325463	18866	3
EUR_80	11066790	11122255	55465	7
EUR_80	11216018	11305525	89507	12
EUR_80	11360944	11448832	87888	12
EUR_80	13764087	13891801	127714	17
EUR_80	20308976	20344228	35252	5
EUR_80	23628581	23672001	43420	6
EUR_80	24773585	25064173	290588	37
EUR_80	25413883	25457748	43865	6
EUR_80	25804541	25812973	8432	2
EUR_80	27889466	27920486	31020	4
EUR_80	30341238	30350365	9127	2
EUR_80	32687373	32691243	3870	1
EUR_80	35997174	36045432	48258	7
EUR_80	36252432	36435968	183536	24
EUR_80	41052157	41092081	39924	6
EUR_80	41375906	41458597	82691	11
EUR_80	45278228	45280914	2686	1
EUR_80	45879695	45943076	63381	8
EUR_81	1164478	1247512	83034	11
EUR_81	5463548	5470404	6856	1
EUR_81	5730825	5739172	8347	2
EUR_81	6567114	6600481	33367	5
EUR_81	6632925	6697931	65006	9
EUR_81	10506272	10515574	9302	2
EUR_81	11216018	11300483	84465	11
EUR_81	11413058	11448832	35774	5
EUR_81	11551550	11573908	22358	3
EUR_81	11599177	11649569	50392	7
EUR_81	15159254	15187887	28633	4
EUR_81	15349260	15371253	21993	3
EUR_81	17464442	17527378	62936	8
EUR_81	21296343	21369344	73001	10
EUR_81	25063829	25084660	20831	3
EUR_81	25195532	25199710	4178	1
EUR_81	25271432	25408113	136681	18
EUR_81	25560187	25588077	27890	4
EUR_81	29845482	30005156	159674	21
EUR_81	31379113	31417248	38135	5
EUR_81	32404436	32427441	23005	3
EUR_81	35997174	36045432	48258	7
EUR_81	36198454	36438481	240027	31
EUR_81	36534455	36556603	22148	3
EUR_81	41000258	41024278	24020	4
EUR_81	41086564	41096386	9822	2
EUR_81	45278228	45300374	22146	3
EUR_81	46361026	46426354	65328	9
EUR_81	49184424	49300839	116415	15
EUR_81	1164478	1247512	83034	11
EUR_81	2031684	2076710	45026	6
EUR_81	2183069	2207970	24901	4
EUR_81	4105281	4111093	5812	1
EUR_81	6602745	6607910	5165	1
EUR_81	6632925	6679305	46380	6
EUR_81	11216018	11300483	84465	11
EUR_81	11413058	11448832	35774	5
EUR_81	11551550	11573908	22358	3
EUR_81	11599177	11649569	50392	7
EUR_81	13779593	13917230	137637	18
EUR_81	14826871	14835169	8298	2
EUR_81	15159254	15187887	28633	4
EUR_81	22780357	22848615	68258	9
EUR_81	23687244	23727889	40645	6
EUR_81	24930056	24952712	22656	3
EUR_81	26016673	26086202	69529	9
EUR_81	30341238	30350365	9127	2
EUR_81	31689000	31699987	10987	2
EUR_81	35997174	36045432	48258	7
EUR_81	36207118	36261208	54090	7
EUR_81	36457737	36516866	59129	8
EUR_81	45879695	45912009	32314	5
EUR_81	47475971	47793684	317713	41
EUR_82	1893530	2111905	218375	28
EUR_82	2183069	2207970	24901	4
EUR_82	2586193	2591704	5511	1
EUR_82	6721990	6730412	8422	2
EUR_82	11630302	11705104	74802	10
EUR_82	12722250	12727281	5031	1
EUR_82	14826871	14835169	8298	2
EUR_82	17008231	17049268	41037	6
EUR_82	17880196	17941014	60818	8
EUR_82	17952625	17983358	30733	4
EUR_82	19529137	19572494	43357	6
EUR_82	29275614	29342089	66475	9
EUR_82	36562799	36570547	7748	1
EUR_82	41018197	41126897	108700	14
EUR_82	41202794	41258211	55417	7
EUR_82	45278228	45291241	13013	2
EUR_82	46927089	47022994	95905	13
EUR_82	47502449	47598720	96271	13
EUR_82	48317426	48338230	20804	3
EUR_82	1691256	1819789	128533	17
EUR_82	1837654	1904778	67124	9
EUR_82	2445953	2459423	13470	2
EUR_82	2586193	2591704	5511	1
EUR_82	2845976	2851899	5923	1
EUR_82	4027908	4051597	23689	3
EUR_82	6602745	6644537	41792	6
EUR_82	10918022	10959989	41967	6
EUR_82	11260121	11300483	40362	6
EUR_82	11460718	11542349	81631	11
EUR_82	13815252	13930944	115692	15
EUR_82	14826871	14835169	8298	2
EUR_82	17795981	17983358	187377	24
EUR_82	20308976	20366403	57427	8
EUR_82	29283502	29291288	7786	1
EUR_82	31397377	31420442	23065	3
EUR_82	31779686	31782178	2492	1
EUR_82	31871395	31914145	42750	6
EUR_82	32023457	32046391	22934	3
EUR_82	35997174	36045432	48258	7
EUR_82	36562799	36570547	7748	1
EUR_82	47306832	47346992	40160	6
EUR_82	48303107	48400149	97042	13
EUR_83	1164478	1247512	83034	11
EUR_83	2586193	2591704	5511	1
EUR_83	2928891	3021356	92465	12
EUR_83	3040653	3295326	254673	33
EUR_83	5430664	5442656	11992	2
EUR_83	7716657	7726088	9431	2
EUR_83	7789196	7826660	37464	5
EUR_83	7931322	7937075	5753	1
EUR_83	10600195	10600945	750	1
EUR_83	11216018	11232841	16823	3
EUR_83	11630302	11705104	74802	10
EUR_83	13764087	13940655	176568	23
EUR_83	14811750	14835169	23419	3
EUR_83	14995879	15000465	4586	1
EUR_83	16620763	16643210	22447	3
EUR_83	17008231	17049268	41037	6
EUR_83	23598533	23685874	87341	12
EUR_83	24917505	24965893	48388	7
EUR_83	25036175	25059948	23773	3
EUR_83	25324980	25464326	139346	18
EUR_83	29174539	29208331	33792	5
EUR_83	29283502	29342089	58587	8
EUR_83	29845482	30005156	159674	21
EUR_83	31177573	31223787	46214	6
EUR_83	36117337	36206135	88798	12
EUR_83	40524070	40531689	7619	1
EUR_83	41284321	41286477	2156	1
EUR_83	45278228	45280914	2686	1
EUR_83	45879695	45912009	32314	5
EUR_83	1970613	1987907	17294	3
EUR_83	2145504	2203773	58269	8
EUR_83	4796348	4837910	41562	6
EUR_83	6494181	6538844	44663	6
EUR_83	10506272	10515574	9302	2
EUR_83	10918022	10953965	35943	5
EUR_83	11078722	11122255	43533	6
EUR_83	11266596	11305525	38929	5
EUR_83	11360944	11448832	87888	12
EUR_83	11640281	11652073	11792	2
EUR_83	13222486	13266111	43625	6
EUR_83	15159254	15371253	211999	27
EUR_83	19608973	19624910	15937	3
EUR_83	24924971	24992068	67097	9
EUR_83	25563637	25640301	76664	10
EUR_83	30527970	30531255	3285	1
EUR_83	31779686	31833429	53743	7
EUR_83	32486086	32653956	167870	22
EUR_83	33316144	33385032	68888	9
EUR_83	41000258	41199187	198929	26
EUR_83	45278228	45291241	13013	2
EUR_83	46238954	46305737	66783	9
EUR_83	46927089	47022994	95905	13
EUR_83	47354042	47398829	44787	6
EUR_84	3374518	3417403	42885	6
EUR_84	10377885	10459002	81117	11
EUR_84	11216018	11305525	89507	12
EUR_84	11360944	11448832	87888	12
EUR_84	11576374	11581877	5503	1
EUR_84	11630302	11705104	74802	10
EUR_84	13189538	13266111	76573	10
EUR_84	13779593	13847038	67445	9
EUR_84	14826871	14835169	8298	2
EUR_84	25036175	25059948	23773	3
EUR_84	25095560	25217316	121756	16
EUR_84	25324980	25458170	133190	17
EUR_84	31458689	31468185	9496	2
EUR_84	31689000	31699987	10987	2
EUR_84	32555637	32557896	2259	1
EUR_84	33069398	33151065	81667	11
EUR_84	35997174	36045432	48258	7
EUR_84	36252432	36435968	183536	24
EUR_84	40538208	40541166	2958	1
EUR_84	41000258	41199187	198929	26
EUR_84	41896558	41897997	1439	1
EUR_84	45278228	45291241	13013	2
EUR_84	46363306	46397816	34510	5
EUR_84	1173834	1247512	73678	10
EUR_84	1839886	1896093	56207	8
EUR_84	1960680	2049123	88443	12
EUR_84	2586193	2591704	5511	1
EUR_84	3104088	3104808	720	1
EUR_84	4027908	4111093	83185	11
EUR_84	6542738	6721164	178426	23
EUR_84	10506272	10515574	9302	2
EUR_84	10918022	10959989	41967	6
EUR_84	11231187	11305525	74338	10
EUR_84	11655702	11699955	44253	6
EUR_84	14811750	14835169	23419	3
EUR_84	15349260	15371253	21993	3
EUR_84	19634530	19640072	5542	1
EUR_84	25063829	25084660	20831	3
EUR_84	25195532	25199710	4178	1
EUR_84	25296870	25349898	53028	7
EUR_84	31959352	32117417	158065	20
EUR_84	32131221	32163383	32162	5
EUR_84	36484847	36506563	21716	3
EUR_84	46927089	47022994	95905	13
EUR_84	48317426	48338230	20804	3
EUR_84	48392995	48415236	22241	3
EUR_85	2183069	2207970	24901	4
EUR_85	2586193	2591704	5511	1
EUR_85	3104088	3104808	720	1
EUR_85	5463548	5470404	6856	1
EUR_85	6698003	6721164	23161	3
EUR_85	10600195	10600945	750	1
EUR_85	11360944	11448832	87888	12
EUR_85	11576374	11581877	5503	1
EUR_85	11630302	11705104	74802	10
EUR_85	13943733	13965781	22048	3
EUR_85	15159254	15187887	28633	4
EUR_85	16981590	17046677	65087	9
EUR_85	17047990	17049268	1278	1
EUR_85	24917505	25026027	108522	14
EUR_85	25563637	25611484	47847	7
EUR_85	25635258	25640416	5158	1
EUR_85	31397377	31429485	32108	5
EUR_85	32647767	32653956	6189	1
EUR_85	35872885	36007338	134453	17
EUR_85	41000258	41199187	198929	26
EUR_85	49184424	49242283	57859	8
EUR_85	1837654	1904778	67124	9
EUR_85	2586193	2591704	5511	1
EUR_85	3104088	3104808	720	1
EUR_85	4027908	4111093	83185	11
EUR_85	6627187	6640538	13351	2
EUR_85	6655296	6693324	38028	5
EUR_85	7553361	7709509	156148	20
EUR_85	7719766	7790051	70285	9
EUR_85	13126809	13165195	38386	5
EUR_85	13809499	13848449	38950	5
EUR_85	14350456	14361651	11195	2
EUR_85	16017613	16026806	9193	2
EUR_85	17802358	17983358	181000	23
EUR_85	19634530	19653747	19217	3
EUR_85	25036175	25059948	23773	3
EUR_85	29283502	29342089	58587	8
EUR_85	31887661	31940402	52741	7
EUR_85	40524070	40541166	17096	3
EUR_85	41516488	41556787	40299	6
EUR_85	45262397	45300374	37977	5
EUR_85	46398210	46405121	6911	1
EUR_85	47306832	47334656	27824	4
EUR_86	2586193	2591704	5511	1
EUR_86	2955498	3021356	65858	9
EUR_86	3040653	3231239	190586	25
EUR_86	6602745	6724200	121455	16
EUR_86	7553361	7709509	156148	20
EUR_86	7719766	7790051	70285	9
EUR_86	10918022	10975940	57918	8
EUR_86	11112002	11124106	12104	2
EUR_86	11216018	11300483	84465	11
EUR_86	11406175	11448832	42657	6
EUR_86	11576374	11581877	5503	1
EUR_86	11630302	11643191	12889	2
EUR_86	13126809	13146056	19247	3
EUR_86	13844070	13848449	4379	1
EUR_86	17795981	17955174	159193	21
EUR_86	19529137	19572494	43357	6
EUR_86	23606225	23685874	79649	11
EUR_86	25002639	25016440	13801	2
EUR_86	30341238	30350365	9127	2
EUR_86	31397377	31429485	32108	5
EUR_86	33115326	33138568	23242	3
EUR_86	35997174	36045432	48258	7
EUR_86	36252432	36541055	288623	37
EUR_86	41099327	41126897	27570	4
EUR_86	41230434	41293961	63527	9
EUR_86	864720	879695	14975	2
EUR_86	1290836	1310286	19450	3
EUR_86	1662412	1753342	90930	12
EUR_86	1930497	1951751	21254	3
EUR_86	2105113	2106323	1210	1
EUR_86	2586193	2591704	5511	1
EUR_86	13764087	13940655	176568	23
EUR_86	25296870	25395086	98216	13
EUR_86	25513659	25588077	74418	10
EUR_86	29845482	30005156	159674	21
EUR_86	31276495	31289686	13191	2
EUR_86	31779686	31833429	53743	7
EUR_86	32486086	32653956	167870	22
EUR_86	41018197	41096386	78189	10
EUR_86	41251077	41293961	42884	6
EUR_86	41921691	42003534	81843	11
EUR_87	3104088	3104808	720	1
EUR_87	4027908	4027984	76	1
EUR_87	4310596	4327436	16840	3
EUR_87	6602745	6724200	121455	16
EUR_87	13779593	13856104	76511	10
EUR_87	17461735	17527378	65643	9
EUR_87	19634530	19636192	1662	1
EUR_87	24814107	24852861	38754	5
EUR_87	25061967	25096390	34423	5
EUR_87	25262226	25300164	37938	5
EUR_87	29265750	29342089	76339	10
EUR_87	30527970	30531255	3285	1
EUR_87	31414750	31420442	5692	1
EUR_87	31689000	31699987	10987	2
EUR_87	31981633	31984356	2723	1
EUR_87	45879695	45943076	63381	8
EUR_87	47939354	47988402	49048	7
EUR_87	1192577	1310286	117709	15
EUR_87	1960680	2062085	101405	13
EUR_87	2114840	2183723	68883	9
EUR_87	3104088	3104808	720	1
EUR_87	4027908	4111093	83185	11
EUR_87	5630341	5648887	18546	3
EUR_87	6280026	6288163	8137	2
EUR_87	6404273	6543588	139315	18
EUR_87	6565697	6567053	1356	1
EUR_87	6689428	6705310	15882	2
EUR_87	11216018	11300483	84465	11
EUR_87	13764087	13940655	176568	23
EUR_87	30527970	30531255	3285	1
EUR_87	31871395	31914145	42750	6
EUR_87	32612479	32622255	9776	2
EUR_87	40605745	40610338	4593	1
EUR_87	41202794	41221991	19197	3
EUR_87	41870025	42003534	133509	17
EUR_88	1893530	2111905	218375	28
EUR_88	2183069	2207970	24901	4
EUR_88	4836612	4837910	1298	1
EUR_88	6458044	6522708	64664	9
EUR_88	6602745	6693324	90579	12
EUR_88	10920126	10920372	246	1
EUR_88	11216018	11305525	89507	12
EUR_88	11360944	11448832	87888	12
EUR_88	14966249	15000465	34216	5
EUR_88	16981590	17046677	65087	9
EUR_88	17047990	17049268	1278	1
EUR_88	20308976	20366403	57427	8
EUR_88	24814107	24852861	38754	5
EUR_88	25002639	25038480	35841	5
EUR_88	25042635	25096390	53755	7
EUR_88	25174124	25217316	43192	6
EUR_88	25324980	25535269	210289	27
EUR_88	25772135	25783655	11520	2
EUR_88	31261493	31355236	93743	12
EUR_88	32169554	32338373	168819	22
EUR_88	32650396	32653956	3560	1
EUR_88	36036358	36045432	9074	2
EUR_88	36562799	36570547	7748	1
EUR_88	40524070	40531689	7619	1
EUR_88	41170307	41185884	15577	2
EUR_88	46116775	46122503	5728	1
EUR_88	46400309	46422460	22151	3
EUR_88	46927089	47022994	95905	13
EUR_88	47939354	47995369	56015	8
EUR_88	1933997	2062085	128088	17
EUR_88	4774414	4837910	63496	9
EUR_88	6602745	6679305	76560	10
EUR_88	11096292	11108285	11993	2
EUR_88	11636212	11705104	68892	9
EUR_88	14350456	14361651	11195	2
EUR_88	25045274	25053135	7861	1
EUR_88	31259615	31289686	30071	4
EUR_88	31458689	31553001	94312	12
EUR_88	31651965	31657640	5675	1
EUR_88	31981633	31984356	2723	1
EUR_88	33331719	33407005	75286	10
EUR_88	36025195	36139098	113903	15
EUR_88	40573481	40666971	93490	12
EUR_88	41000258	41101715	101457	13
EUR_88	41119295	41156450	37155	5
EUR_88	41202794	41244714	41920	6
EUR_88	45278228	45291241	13013	2
EUR_88	47306832	47398829	91997	12
EUR_89	3040653	3230731	190078	25
EUR_89	3988003	4055814	67811	9
EUR_89	6528939	6531522	2583	1
EUR_89	6648459	6677645	29186	4
EUR_89	13246701	13266111	19410	3
EUR_89	13818690	13866747	48057	7
EUR_89	13914056	13965781	51725	7
EUR_89	16017613	16024335	6722	1
EUR_89	17845928	17983358	137430	18
EUR_89	19206122	19344620	138498	18
EUR_89	25002639	25038480	35841	5
EUR_89	25042635	25096390	53755	7
EUR_89	25271432	25303883	32451	5
EUR_89	25449426	25457748	8322	2
EUR_89	25579466	25588077	8611	2
EUR_89	29845482	30005156	159674	21
EUR_89	30527970	30531255	3285	1
EUR_89	31259615	31289686	30071	4
EUR_89	31458689	31553001	94312	12
EUR_89	31969301	31982644	13343	2
EUR_89	33331719	33407005	75286	10
EUR_89	36198008	36457905	259897	33
EUR_89	36498078	36506563	8485	2
EUR_89	45278228	45291241	13013	2
EUR_89	46391591	46426354	34763	5
EUR_89	48303107	48400149	97042	13
EUR_89	1930497	2015992	85495	11
EUR_89	2256732	2305247	48515	7
EUR_89	2784832	2860763	75931	10
EUR_89	4110021	4111093	1072	1
EUR_89	5430664	5442656	11992	2
EUR_89	6602745	6693324	90579	12
EUR_89	10926913	11122255	195342	25
EUR_89	11360944	11448832	87888	12
EUR_89	11576374	11581877	5503	1
EUR_89	12111705	12172654	60949	8
EUR_89	14332120	14370739	38619	5
EUR_89	14716633	14723200	6567	1
EUR_89	16017613	16024335	6722	1
EUR_89	17035396	17049268	13872	2
EUR_89	21296343	21369344	73001	10
EUR_89	30527970	30531255	3285	1
EUR_89	31881906	31914145	32239	5
EUR_89	32023457	32046391	22934	3
EUR_89	32555637	32557896	2259	1
EUR_89	33142597	33174401	31804	5
EUR_89	35997174	36045432	48258	7
EUR_89	36207118	36308077	100959	13
EUR_89	41202794	41221991	19197	3
EUR_90	864720	887567	22847	3
EUR_90	1930497	2062085	131588	17
EUR_90	6602745	6691638	88893	12
EUR_90	7789196	7826660	37464	5
EUR_90	7931322	7937075	5753	1
EUR_90	10506272	10515574	9302	2
EUR_90	11216018	11300483	84465	11
EUR_90	11655702	11699955	44253	6
EUR_90	17802358	17983358	181000	23
EUR_90	25045274	25096390	51116	7
EUR_90	25156063	25200643	44580	6
EUR_90	30527970	30531255	3285	1
EUR_90	32206668	32338373	131705	17
EUR_90	32404436	32427441	23005	3
EUR_90	32530188	32616759	86571	11
EUR_90	35997174	36045432	48258	7
EUR_90	36251755	36370813	119058	16
EUR_90	36484847	36506563	21716	3
EUR_90	41170307	41185884	15577	2
EUR_90	41896558	41897997	1439	1
EUR_90	41986958	42003534	16576	3
EUR_90	45262397	45300374	37977	5
EUR_90	47939354	47944895	5541	1
EUR_90	864720	887567	22847	3
EUR_90	1164478	1247512	83034	11
EUR_90	4105281	4111093	5812	1
EUR_90	6178548	6231837	53289	7
EUR_90	6280026	6327028	47002	6
EUR_90	6602745	6607910	5165	1
EUR_90	6632925	6679305	46380	6
EUR_90	10306597	10382930	76333	10
EUR_90	10506272	10515574	9302	2
EUR_90	11112002	11124106	12104	2
EUR_90	11216018	11300483	84465	11
EUR_90	11360944	11376232	15288	2
EUR_90	11382827	11448832	66005	9
EUR_90	14826871	14835169	8298	2
EUR_90	15159254	15187887	28633	4
EUR_90	17464442	17527378	62936	8
EUR_90	21338203	21369344	31141	4
EUR_90	31857402	31878461	21059	3
EUR_90	31903723	31913862	10139	2
EUR_90	32203428	32338373	134945	18
EUR_90	32404436	32427441	23005	3
EUR_90	33193910	33215777	21867	3
EUR_90	36036358	36045432	9074	2
EUR_90	36562799	36570547	7748	1
EUR_90	40524070	40531689	7619	1
EUR_90	41018197	41024278	6081	1
EUR_90	41170307	41185884	15577	2
EUR_90	46400309	46422460	22151	3
EUR_90	47986949	48088186	101237	13
EUR_91	864720	887567	22847	3
EUR_91	2072165	2106323	34158	5
EUR_91	2106396	2171835	65439	9
EUR_91	2267871	2305247	37376	5
EUR_91	2586193	2591704	5511	1
EUR_91	4061533	4111093	49560	7
EUR_91	5430664	5442656	11992	2
EUR_91	6602745	6693324	90579	12
EUR_91	11216018	11300483	84465	11
EUR_91	11599177	11705104	105927	14
EUR_91	13761312	13858796	97484	13
EUR_91	16877935	16926510	48575	7
EUR_91	23598533	23685874	87341	12
EUR_91	25271432	25303883	32451	5
EUR_91	25449426	25457748	8322	2
EUR_91	31259615	31289686	30071	4
EUR_91	31779686	32175487	395801	50
EUR_91	36498078	36506563	8485	2
EUR_91	41018197	41071130	52933	7
EUR_91	41110284	41139372	29088	4
EUR_91	41164519	41199187	34668	5
EUR_91	47306832	47401302	94470	12
EUR_91	48316270	48400149	83879	11
EUR_91	2183069	2207970	24901	4
EUR_91	3629717	3635080	5363	1
EUR_91	4774414	4837910	63496	9
EUR_91	6602745	6644537	41792	6
EUR_91	7716657	7937075	220418	28
EUR_91	10600195	10600945	750	1
EUR_91	11216018	11305525	89507	12
EUR_91	11360944	11448832	87888	12
EUR_91	11576374	11581877	5503	1
EUR_91	11630302	11685547	55245	7
EUR_91	13943733	13965781	22048	3
EUR_91	15422489	15468482	45993	6
EUR_91	16631188	16643210	12022	2
EUR_91	19206122	19299322	93200	12
EUR_91	26016673	26033267	16594	3
EUR_91	29160901	29164429	3528	1
EUR_91	31379113	31417248	38135	5
EUR_91	32169554	32289064	119510	16
EUR_91	40605745	40610338	4593	1
EUR_91	47309597	47314366	4769	1
EUR_91	47359870	47384357	24487	4
EUR_92	864720	887567	22847	3
EUR_92	1164478	1247512	83034	11
EUR_92	4105281	4111093	5812	1
EUR_92	6698003	6721164	23161	3
EUR_92	10434722	10452879	18157	3
EUR_92	10583877	10600945	17068	3
EUR_92	15159254	15187887	28633	4
EUR_92	17464442	17527378	62936	8
EUR_92	21325308	21369344	44036	6
EUR_92	30527970	30531255	3285	1
EUR_92	31652163	31657640	5477	1
EUR_92	33387820	33398262	10442	2
EUR_92	36251755	36322999	71244	9
EUR_92	36484847	36506563	21716	3
EUR_92	40663673	40698609	34936	5
EUR_92	41110284	41139372	29088	4
EUR_92	41164519	41199187	34668	5
EUR_92	41284321	41286477	2156	1
EUR_92	47306832	47401302	94470	12
EUR_92	49184424	49242283	57859	8
EUR_92	2031684	2076710	45026	6
EUR_92	2183069	2207970	24901	4
EUR_92	2736684	2850589	113905	15
EUR_92	3374518	3458402	83884	11
EUR_92	5463548	5470404	6856	1
EUR_92	6528939	6602879	73940	10
EUR_92	6679093	6700305	21212	3
EUR_92	7701860	7713360	11500	2
EUR_92	10918022	10959989	41967	6
EUR_92	11360944	11448832	87888	12
EUR_92	13209473	13266111	56638	8
EUR_92	13779593	13811048	31455	4
EUR_92	13826971	13930944	103973	14
EUR_92	17795981	17983358	187377	24
EUR_92	21296343	21315460	19117	3
EUR_92	22877798	22921455	43657	6
EUR_92	23628581	23672001	43420	6
EUR_92	24656133	24671728	15595	2
EUR_92	25036175	25059948	23773	3
EUR_92	32206668	32338373	131705	17
EUR_92	32404436	32427441	23005	3
EUR_92	32530188	32616759	86571	11
EUR_92	35997174	36026986	29812	4
EUR_92	47309597	47314366	4769	1
EUR_92	47359870	47384357	24487	4
EUR_92	47939354	47995369	56015	8
EUR_92	49184424	49231801	47377	6
EUR_93	1930497	1951751	21254	3
EUR_93	3629717	3635080	5363	1
EUR_93	4774414	4837910	63496	9
EUR_93	6567114	6600481	33367	5
EUR_93	6632925	6697931	65006	9
EUR_93	7772784	7826660	53876	7
EUR_93	7931322	7937075	5753	1
EUR_93	11216018	11300483	84465	11
EUR_93	11648276	11667319	19043	3
EUR_93	12485443	12493640	8197	2
EUR_93	14811750	14835169	23419	3
EUR_93	14995879	15000465	4586	1
EUR_93	15159254	15187887	28633	4
EUR_93	15349260	15371253	21993	3
EUR_93	19608973	19624910	15937	3
EUR_93	22780357	22848615	68258	9
EUR_93	25002639	25038480	35841	5
EUR_93	25042635	25096390	53755	7
EUR_93	25271432	25303883	32451	5
EUR_93	25449426	25457748	8322	2
EUR_93	25579466	25588077	8611	2
EUR_93	30527970	30531255	3285	1
EUR_93	31397377	31429485	32108	5
EUR_93	32235566	32361768	126202	16
EUR_93	32404436	32417734	13298	2
EUR_93	33316144	33407005	90861	12
EUR_93	41170307	41185884	15577	2
EUR_93	2072165	2106323	34158	5
EUR_93	2106396	2171835	65439	9
EUR_93	2267871	2305247	37376	5
EUR_93	5730825	5739172	8347	2
EUR_93	6528939	6602879	73940	10
EUR_93	6651546	6724200	72654	10
EUR_93	10926913	11122255	195342	25
EUR_93	11360944	11448832	87888	12
EUR_93	11576374	11581877	5503	1
EUR_93	13779593	13965781	186188	24
EUR_93	17795981	17838006	42025	6
EUR_93	25296870	25395086	98216	13
EUR_93	25513659	25588077	74418	10
EUR_93	29275614	29342089	66475	9
EUR_93	32555637	32557896	2259	1
EUR_93	33142597	33174401	31804	5
EUR_93	36299913	36347691	47778	7
EUR_93	41000258	41199187	198929	26
EUR_93	48317426	48338230	20804	3
EUR_93	48392995	48415236	22241	3
EUR_94	864720	887567	22847	3
EUR_94	2586193	2591704	5511	1
EUR_94	4027908	4027984	76	1
EUR_94	4310596	4327436	16840	3
EUR_94	5430664	5442656	11992	2
EUR_94	6602745	6693324	90579	12
EUR_94	10306597	10459002	152405	20
EUR_94	10506272	10515574	9302	2
EUR_94	11244643	11303271	58628	8
EUR_94	13943733	13965781	22048	3
EUR_94	14811750	14835169	23419	3
EUR_94	14995879	15000465	4586	1
EUR_94	16620763	16643210	22447	3
EUR_94	17008231	17049268	41037	6
EUR_94	24990906	25001325	10419	2
EUR_94	25019110	25159081	139971	18
EUR_94	25312497	25395086	82589	11
EUR_94	25513659	25515534	1875	1
EUR_94	31397377	31420442	23065	3
EUR_94	31618281	31684536	66255	9
EUR_94	33327285	33407005	79720	11
EUR_94	41170307	41185884	15577	2
EUR_94	41231126	41268494	37368	5
EUR_94	41284321	41286477	2156	1
EUR_94	47939354	48009694	70340	9
EUR_94	49184424	49262031	77607	10
EUR_94	1893530	2111905	218375	28
EUR_94	6602745	6693324	90579	12
EUR_94	10600195	10600945	750	1
EUR_94	11237395	11305525	68130	9
EUR_94	11360944	11401880	40936	6
EUR_94	11554510	11705104	150594	20
EUR_94	13779593	13917230	137637	18
EUR_94	15422489	15468482	45993	6
EUR_94	16620763	16643210	22447	3
EUR_94	19332471	19333614	1143	1
EUR_94	23645794	23672256	26462	4
EUR_94	31156524	31197280	40756	6
EUR_94	31400738	31419731	18993	3
EUR_94	35997174	36045432	48258	7
EUR_94	36252432	36488394	235962	30
EUR_94	36498078	36506563	8485	2
EUR_94	40573481	40666971	93490	12
EUR_94	41000258	41101715	101457	13
EUR_94	41119295	41156450	37155	5
EUR_94	41202794	41244714	41920	6
EUR_94	41896558	41897997	1439	1
EUR_94	48390002	48400149	10147	2
EUR_95	864720	887567	22847	3
EUR_95	1893530	1901169	7639	1
EUR_95	2035623	2134882	99259	13
EUR_95	2183069	2207970	24901	4
EUR_95	2586193	2591704	5511	1
EUR_95	3988003	3992319	4316	1
EUR_95	6280026	6288163	8137	2
EUR_95	6404273	6493098	88825	12
EUR_95	6602745	6724200	121455	16
EUR_95	10397293	10496133	98840	13
EUR_95	10918022	11122255	204233	26
EUR_95	11216018	11300483	84465	11
EUR_95	13779593	13848449	68856	9
EUR_95	17464442	17527378	62936	8
EUR_95	19529137	19572494	43357	6
EUR_95	32555637	32557896	2259	1
EUR_95	33387820	33398262	10442	2
EUR_95	36025195	36139098	113903	15
EUR_95	40538208	40541166	2958	1
EUR_95	41000258	41122696	122438	16
EUR_95	41170307	41265986	95679	13
EUR_95	41284321	41286477	2156	1
EUR_95	45262397	45300374	37977	5
EUR_95	47306832	47323219	16387	3
EUR_95	48303107	48400149	97042	13
EUR_95	1970613	1987907	17294	3
EUR_95	2145504	2203773	58269	8
EUR_95	2586193	2591704	5511	1
EUR_95	2784832	2951855	167023	22
EUR_95	3168537	3231239	62702	8
EUR_95	3337799	3437224	99425	13
EUR_95	5612849	5648887	36038	5
EUR_95	10506272	10515574	9302	2
EUR_95	10918022	10987067	69045	9
EUR_95	11216018	11300483	84465	11
EUR_95	11438676	11448832	10156	2
EUR_95	12485443	12493640	8197	2
EUR_95	12722250	12727281	5031	1
EUR_95	13247006	13266111	19105	3
EUR_95	13779593	13812836	33243	5
EUR_95	15422489	15468482	45993	6
EUR_95	17795981	17965967	169986	22
EUR_95	19634530	19640072	5542	1
EUR_95	29160901	29272963	112062	15
EUR_95	31287752	31355236	67484	9
EUR_95	31458689	31553001	94312	12
EUR_95	31969301	31982644	13343	2
EUR_95	36251755	36322999	71244	9
EUR_95	40562275	40631332	69057	9
EUR_95	40655249	40719108	63859	9
EUR_95	47939354	48020626	81272	11
EUR_96	1195199	1247512	52313	7
EUR_96	1893530	1901169	7639	1
EUR_96	2035623	2183723	148100	19
EUR_96	2586193	2587997	1804	1
EUR_96	3104088	3104808	720	1
EUR_96	4027908	4065912	38004	5
EUR_96	6602745	6607910	5165	1
EUR_96	6632925	6679305	46380	6
EUR_96	10506272	10515574	9302	2
EUR_96	11112002	11124106	12104	2
EUR_96	11216018	11277910	61892	8
EUR_96	11360944	11448832	87888	12
EUR_96	11608194	11652073	43879	6
EUR_96	11686895	11705104	18209	3
EUR_96	13779593	13965781	186188	24
EUR_96	14811750	14835169	23419	3
EUR_96	17795981	17960904	164923	21
EUR_96	21296343	21315460	19117	3
EUR_96	22877798	22920201	42403	6
EUR_96	25296870	25395086	98216	13
EUR_96	31887661	31940402	52741	7
EUR_96	33244596	33275095	30499	4
EUR_96	35997174	36045432	48258	7
EUR_96	36562799	36570547	7748	1
EUR_96	40538208	40541166	2958	1
EUR_96	41943839	42003534	59695	8
EUR_96	46363306	46426354	63048	8
EUR_96	1166368	1310286	143918	19
EUR_96	1662412	1753342	90930	12
EUR_96	1930497	1951751	21254	3
EUR_96	2183069	2207970	24901	4
EUR_96	2586193	2591704	5511	1
EUR_96	3104088	3104808	720	1
EUR_96	3111902	3149103	37201	5
EUR_96	3196620	3210923	14303	2
EUR_96	6602745	6693324	90579	12
EUR_96	7716657	7937075	220418	28
EUR_96	10506272	10515574	9302	2
EUR_96	10918022	10959989	41967	6
EUR_96	11231187	11305525	74338	10
EUR_96	11360944	11376232	15288	2
EUR_96	11382827	11448832	66005	9
EUR_96	13246701	13266111	19410	3
EUR_96	14966249	15000465	34216	5
EUR_96	19332471	19333614	1143	1
EUR_96	24814107	24852861	38754	5
EUR_96	25002639	25038480	35841	5
EUR_96	25042635	25096390	53755	7
EUR_96	25174124	25217316	43192	6
EUR_96	25324980	25535269	210289	27
EUR_96	25772135	25783655	11520	2
EUR_96	30341238	30350365	9127	2
EUR_96	31969301	31982644	13343	2
EUR_96	32404436	32417734	13298	2
EUR_96	35983215	36045432	62217	8
EUR_96	36562799	36570547	7748	1
EUR_96	40524070	40532212	8142	2
EUR_96	41910381	41918830	8449	2
EUR_96	45262397	45300374	37977	5
EUR_96	47306832	47449675	142843	19
EUR_97	4836612	4837910	1298	1
EUR_97	6458044	6522708	64664	9
EUR_97	6602745	6693324	90579	12
EUR_97	11360944	11448832	87888	12
EUR_97	11608194	11652073	43879	6
EUR_97	12485443	12493640	8197	2
EUR_97	13794548	13848449	53901	7
EUR_97	24656133	24793106	136973	18
EUR_97	29275614	29342089	66475	9
EUR_97	40605745	40610338	4593	1
EUR_97	45278228	45291241	13013	2
EUR_97	47306832	47323219	16387	3
EUR_97	47967258	47992903	25645	4
EUR_97	2586193	2591704	5511	1
EUR_97	4027908	4027984	76	1
EUR_97	4310596	4327436	16840	3
EUR_97	6602745	6724200	121455	16
EUR_97	10306597	10332195	25598	4
EUR_97	11121107	11122255	1148	1
EUR_97	11225139	11282514	57375	8
EUR_97	11360944	11448832	87888	12
EUR_97	11576374	11581877	5503	1
EUR_97	12111705	12172654	60949	8
EUR_97	13779593	13965781	186188	24
EUR_97	17464442	17527378	62936	8
EUR_97	24963301	24995861	32560	5
EUR_97	25002639	25076490	73851	10
EUR_97	25078149	25217316	139167	18
EUR_97	25291565	25303883	12318	2
EUR_97	25449426	25457748	8322	2
EUR_97	27580622	27622585	41963	6
EUR_97	30527970	30531255	3285	1
EUR_97	31618281	31657640	39359	5
EUR_97	31871395	31886666	15271	2
EUR_97	31969301	31982644	13343	2
EUR_97	33387820	33398262	10442	2
EUR_97	36198008	36505654	307646	39
EUR_97	40573481	40666971	93490	12
EUR_97	41000258	41101715	101457	13
EUR_97	41119295	41156450	37155	5
EUR_97	41202794	41244714	41920	6
EUR_97	48390002	48400149	10147	2
EUR_98	1173046	1310286	137240	18
EUR_98	2046239	2185648	139409	18
EUR_98	6721990	6730412	8422	2
EUR_98	7641909	7709509	67600	9
EUR_98	7764827	7857368	92541	12
EUR_98	10506272	10515574	9302	2
EUR_98	11216018	11300483	84465	11
EUR_98	11431206	11448832	17626	3
EUR_98	11551550	11705104	153554	20
EUR_98	13832615	13848449	15834	2
EUR_98	16877935	16926510	48575	7
EUR_98	17795981	17821221	25240	4
EUR_98	19206122	19299322	93200	12
EUR_98	19634530	19653747	19217	3
EUR_98	23628581	23670239	41658	6
EUR_98	25045274	25075933	30659	4
EUR_98	25095346	25106748	11402	2
EUR_98	25319231	25426466	107235	14
EUR_98	31618281	31684536	66255	9
EUR_98	32612479	32622255	9776	2
EUR_98	33115326	33138568	23242	3
EUR_98	36251755	36322999	71244	9
EUR_98	36520464	36570547	50083	7
EUR_98	41000258	41199187	198929	26
EUR_98	45278228	45291241	13013	2
EUR_98	46361026	46426354	65328	9
EUR_98	1164478	1247512	83034	11
EUR_98	2183069	2207970	24901	4
EUR_98	2784231	2788206	3975	1
EUR_98	3629717	3635080	5363	1
EUR_98	5430664	5442656	11992	2
EUR_98	6602745	6620266	17521	3
EUR_98	7641909	7709509	67600	9
EUR_98	7764827	7902344	137517	18
EUR_98	10875976	10880965	4989	1
EUR_98	11066790	11122255	55465	7
EUR_98	11216018	11305525	89507	12
EUR_98	11438676	11448832	10156	2
EUR_98	13246701	13266111	19410	3
EUR_98	14966249	15000465	34216	5
EUR_98	25063829	25084660	20831	3
EUR_98	25195532	25199710	4178	1
EUR_98	25296870	25356426	59556	8
EUR_98	32555637	32557896	2259	1
EUR_98	33387820	33398262	10442	2
EUR_98	35978019	36030630	52611	7
EUR_98	36498078	36506563	8485	2
EUR_98	40639759	40698609	58850	8
EUR_99	2183069	2207970	24901	4
EUR_99	4310596	4327436	16840	3
EUR_99	6461138	6543588	82450	11
EUR_99	6565697	6567053	1356	1
EUR_99	7931322	7937075	5753	1
EUR_99	10306597	10459002	152405	20
EUR_99	10968426	11108285	139859	18
EUR_99	11387678	11390532	2854	1
EUR_99	12039587	12078012	38425	5
EUR_99	12485443	12493640	8197	2
EUR_99	14332120	14370739	38619	5
EUR_99	16620763	16643210	22447	3
EUR_99	25563637	25813728	250091	32
EUR_99	27580622	27622585	41963	6
EUR_99	30527970	30531255	3285	1
EUR_99	31871395	31914145	42750	6
EUR_99	32555637	32557896	2259	1
EUR_99	33198801	33215777	16976	3
EUR_99	41202794	41221991	19197	3
EUR_99	45262397	45300374	37977	5
EUR_99	48317426	48338230	20804	3
EUR_99	1930497	1935134	4637	1
EUR_99	2183069	2207970	24901	4
EUR_99	4310596	4327436	16840	3
EUR_99	4774414	4837910	63496	9
EUR_99	6494181	6567053	72872	10
EUR_99	11216018	11305525	89507	12
EUR_99	12485443	12493640	8197	2
EUR_99	13794548	13848449	53901	7
EUR_99	24917505	25026027	108522	14
EUR_99	25563637	25813728	250091	32
EUR_99	29160901	29295582	134681	18
EUR_99	31414750	31420442	5692	1
EUR_99	32612479	32622255	9776	2
EUR_99	33357056	33385032	27976	4
EUR_99	36562799	36570547	7748	1
EUR_99	40663673	40684879	21206	3
EUR_99	45262397	45300374	37977	5
EUR_99	47306832	47323219	16387	3
EUR_99	47939354	48009694	70340	9
EUR_100	864720	887567	22847	3
EUR_100	1662412	1896093	233681	30
EUR_100	1960680	2062085	101405	13
EUR_100	2586193	2591704	5511	1
EUR_100	6602745	6693324	90579	12
EUR_100	7553361	7709509	156148	20
EUR_100	7719766	7790051	70285	9
EUR_100	10419745	10500263	80518	11
EUR_100	10579081	10600945	21864	3
EUR_100	10918022	10975940	57918	8
EUR_100	11231187	11305525	74338	10
EUR_100	11360944	11376232	15288	2
EUR_100	11648276	11667319	19043	3
EUR_100	12485443	12493640	8197	2
EUR_100	13779593	13917230	137637	18
EUR_100	17461735	17527378	65643	9
EUR_100	19529137	19572494	43357	6
EUR_100	24990906	25001325	10419	2
EUR_100	25019110	25159081	139971	18
EUR_100	25312497	25395086	82589	11
EUR_100	25513659	25515534	1875	1
EUR_100	27864112	27920486	56374	8
EUR_100	31259615	31273490	13875	2
EUR_100	32169554	32338373	168819	22
EUR_100	36291081	36299304	8223	2
EUR_100	36415068	36493462	78394	10
EUR_100	36534455	36556603	22148	3
EUR_100	2784832	2951855	167023	22
EUR_100	3168537	3231239	62702	8
EUR_100	3337799	3437224	99425	13
EUR_100	5612849	5648887	36038	5
EUR_100	11648276	11667319	19043	3
EUR_100	12485443	12493640	8197	2
EUR_100	17795981	17838006	42025	6
EUR_100	23670739	23685874	15135	2
EUR_100	24964913	25109458	144545	19
EUR_100	31959352	32117417	158065	20
EUR_100	32131221	32163383	32162	5
EUR_100	36036358	36045432	9074	2
EUR_100	40538208	40541166	2958	1
